0,1,2,3,4,5,6,7,8,9,10,11,12,13,14,15,16,17,18,19,20,21,22,23,24,25,26,27,28,29,30,31,32,33,34,35,36,37,38,39,40,41,42,43,44,45,46,47,48,49,50,51,52,53,54,55,56,57,58,59,60,61,62,63,64,65,66,67,68,69,70,71,72,73,74,75,76,77,78,79,80,81,82,83,84,85,86,87,88,89,90,91,92,93,94,95,96,97,98,99,100,101,102,103,104,105,106,107,108,109,110,111,112,113,114,115,116,117,118,119,120,121,122,123,124,125,126,127,128,129,130,131,132,133,134,135,136,137,138,139,140,141,142,143,144,145,146,147,148,149,150,151,152,153,154,155,156,157,158,159,160,161,162,163,164,165,166,167,168,169,170,171,172,173,174,175,176,177,178,179,180,181,182,183,184,185,186,187,188,189,190,191,192,193,194,195,196,197,198,199,200,201,202,203,204,205,206,207,208,209,210,211,212,213,214,215,216,217,218,219,220,221,222,223,224,225,226,227,228,229,230,231,232,233,234,235,236,237,238,239,240,241,242,243,244,245,246,247,248,249,250,251,252,253,254,255,256,257,258,259,260,261,262,263,264,265,266,267,268,269,270,271,272,273,274,275,276,277,278,279,280,281,282,283,284,285,286,287,288,289,290,291,292,293,294,295,296,297,298,299,300,301,302,303,304,305,306,307,308,309,310,311,312,313,314,315,316,317,318,319,320,321,322,323,324,325,326,327,328,329,330,331,332,333,334,335,336,337,338,339,340,341,342,343,344,345,346,347,348,349,350
-2,0,0,0,0,0,0,0,0,0,0,0,0,0,0,2,0,0,0,0,0,0,0,0,0,0,0,0,0,0,0,0,0,0,0,0,0,0,0,0,0,0,0,0,0,0,0,0,0,0,0,0,0,0,0,0,0,0,0,0,0,0,0,0,0,0,0,0,0,0,0,0,0,0,0,0,0,0,0,0,0,0,0,0,0,0,0,0,0,0,0,0,0,0,0,0,0,0,0,0,0,0,0,0,0,0,0,0,0,0,0,0,0,0,0,0,0,0,0,0,0,0,0,0,0,0,0,0,0,0,0,0,0,0,0,0,0,0,0,0,0,0,0,0,0,0,0,0,0,0,0,0,0,0,0,0,0,0,0,0,0,0,0,0,0,0,0,0,0,0,0,0,0,0,0,0,0,0,0,0,0,0,0,0,0,0,0,0,0,0,0,0,0,0,0,0,0,0,0,0,0,0,0,0,0,0,0,0,0,0,0,0,0,0,0,0,0,0,0,0,0,0,0,0,0,0,0,0,0,0,0,0,0,0,0,0,0,0,0,0,0,0,0,0,0,0,0,0,0,0,0,0,0,0,0,0,0,0,0,0,0,0,0,0,0,0,0,0,0,0,0,0,0,0,0,0,0,0,0,0,0,0,0,0,0,0,0,0,0,0,0,0,0,0,0,0,0,0,0,0,0,0,0,0,0,0,0,0,0,0,0,0,0,0,0,0,0,0,0,0,0,0,0,0,0,0,0,0,0,0,0,0,0,0,0,0,0,0,0,0,0,0,0,0,0,0,0,0,0,-3,0
1,1,1,1,1,1,1,1,1,1,1,1,1,1,1,0,0,0,0,0,0,0,0,0,0,0,0,0,0,0,0,0,0,0,0,0,0,0,0,0,0,0,0,0,0,0,0,0,0,0,0,0,0,0,0,0,0,0,0,0,0,0,0,0,0,0,0,0,0,0,0,0,0,0,0,0,0,0,0,0,0,0,0,0,0,0,0,0,0,0,0,0,0,0,0,0,0,0,0,0,0,0,0,0,0,0,0,0,0,0,0,0,0,0,0,0,0,0,0,0,0,0,0,0,0,0,0,0,0,0,0,0,0,0,0,0,0,0,0,0,0,0,0,0,0,0,0,0,0,0,0,0,0,0,0,0,0,0,0,0,0,0,0,0,0,0,0,0,0,0,0,0,0,0,0,0,0,0,0,0,0,0,0,0,0,0,0,0,0,0,0,0,0,0,0,0,0,0,0,0,0,0,0,0,0,0,0,0,0,0,0,0,0,0,0,0,0,0,0,0,0,0,0,0,0,0,0,0,0,0,0,0,0,0,0,0,0,0,0,0,0,0,0,0,0,0,0,0,0,0,0,0,0,0,0,0,0,0,0,0,0,0,0,0,0,0,0,0,0,0,0,0,0,0,0,0,0,0,0,0,0,0,0,0,0,0,0,0,0,0,0,0,0,0,0,0,0,0,0,0,0,0,0,0,0,0,0,0,0,0,0,0,0,0,0,0,0,0,0,0,0,0,0,0,0,0,0,0,0,0,0,0,0,0,0,0,0,0,0,0,0,0,0,0,0,0,0,0,0,0,0
18.9877818132462,18.913552961733,18.8937269671138,18.8540538591482,18.7746603461759,18.6158035600433,18.4569618799019,18.2982337883631,18.1397131627053,17.9815345268043,17.823928159599,17.6673451225244,17.5128271684376,17.3635152476883,17.2999329408738,17.2877166693736,17.3747280371292,17.4882013900759,17.6192825427135,17.7581884921648,17.9013903319129,18.0473083972394,18.1951087062164,18.3442976772222,18.4945583830917,18.6456746352528,18.7974919493087,18.9498958076015,19.1027987649208,19.2561323971952,19.409842057764,19.5638833397031,19.7182196148249,19.872820278881,20.0276594694176,20.182715112228,20.3379681988384,20.4934022303334,20.6490027837696,20.8047571693953,20.9606541568893,21.1166837545966,21.2728370292309,21.4291059578626,21.5854833053709,21.741962522057,21.8985376575217,22.0552032882568,22.2119544552649,22.3687866117927,22.5256955774635,22.6826774991079,22.8397288167257,22.9968462338678,23.1540266914913,23.311267345274,23.4685655456585,23.6259188200112,23.7833248567006,23.9407814914763,24.0982866946013,24.2558385597592,24.4134352942716,24.5710752098001,24.7287567143678,24.8864783049933,25.0442385611463,25.2020361385281,25.3598697636624,25.5177382290137,25.6756403883128,25.8335751524807,25.9915414857492,26.149538402295,26.3075649628713,26.4656202719838,26.6237034750494,26.7818137560203,26.9399503351023,27.0981124663848,27.2562994360575,27.414510560423,27.5727451844571,27.7310026798617,27.8892824439111,28.0475838978482,28.2059064857,28.3642496730903,28.5226129460691,28.6809958101361,28.8393977891736,28.997818424574,29.1562572744175,29.3147139126389,29.4731879281764,29.6316789243989,29.7901865183963,29.9487103402529,30.1072500325535,30.2658052497846,30.4243756578611,30.582960933512,30.7415607638635,30.9001748460911,31.0588028868075,31.2174446018195,31.3760997156047,31.534767961102,31.6934490792695,31.8521428188088,32.0108489358097,32.1695671935377,32.3282973620525,32.4870392180482,32.6457925444989,32.8045571304691,32.9633327709256,33.1221192664646,33.2809164231165,33.4397240521441,33.5985419698323,33.757369997373,33.9162079606953,34.0750556901594,34.2339130205706,34.3927797908665,34.5516558442446,34.7105410276633,34.8694351920094,35.0283381917658,35.1872498850265,35.3461701332669,35.5050988013746,35.6640357574558,35.8229808726889,35.9819340213054,36.1408950804417,36.2998639300783,36.4588404529752,36.6178245345147,36.7768160626935,36.9358149280065,37.0948210233897,37.2538342441499,37.4128544878452,37.5718816542849,37.73091564541,37.8899563652995,38.0490037199959,38.2080576176312,38.3671179681904,38.526184683555,38.6852576773394,38.8443368650057,39.0034221637937,39.1625134924519,39.3216107715154,39.480713923,39.6398228705168,39.7989375391722,39.9580578554728,40.1171837474086,40.2763151443682,40.4354519770575,40.5945941775127,40.7537416790527,40.9128944162292,41.072052324829,41.2312153417994,41.3903834053131,41.5495564545743,41.7087344300109,41.8679172730272,42.027104926131,42.1862973328426,42.3454944376917,42.5046961861602,42.6639025246957,42.8231134006799,42.9823287624025,43.1415485590464,43.3007727406926,43.4600012581942,43.6192340632834,43.7784711084905,43.9377123472019,44.0969577334987,44.2562072222458,44.4154607690293,44.574718330205,44.7339798628052,44.8932453245567,45.0525146738554,45.2117878698198,45.371064872158,45.5303456412108,45.6896301379872,45.8489183240676,46.0082101616552,46.1675056134973,46.3268046429943,46.4861072140379,46.645413291048,46.804722839054,46.9640358235806,47.1233522106734,47.282671966839,47.4419950591486,47.6013214551332,47.7606511228185,47.9199840306686,48.0793201475103,48.2386594427978,48.3980018863842,48.5573474485016,48.7166960998549,48.8760478114989,49.0354025549749,49.194760302157,49.3541210253248,49.5134846971924,49.6728512908315,49.8322207796118,49.9915931373782,50.1509683382541,50.3103463567558,50.4697271677293,50.6291107463416,50.7884970681558,50.9478861089706,51.1072778449607,51.2666722526516,51.4260693087869,51.585468990472,51.7448712751116,51.9042761403816,52.0636835642616,52.2230935250169,52.3825060011762,52.5419209715477,52.701338415243,52.8607583115895,53.0201806401723,53.17960538089,53.3390325138172,53.4984620193541,53.6578938780879,53.8173280708692,53.9767645787365,54.1362033830137,54.2956444652951,54.455087807287,54.6145333909915,54.7739811986196,54.9334312125565,55.0928834154445,55.2523377901103,55.4117943195794,55.5712529870913,55.7307137760728,55.8901766701588,56.0496416531445,56.2091087090666,56.3685778220884,56.5280489765982,56.6875221571258,56.8469973484174,57.0064745353702,57.1659537030791,57.3254348367657,57.4849179218557,57.6444029439066,57.8038898886675,57.9633787420582,58.122869490098,58.2823621190272,58.4418566152044,58.6013529651343,58.7608511554938,58.920351173098,59.0798530048897,59.2393566379809,59.3988620595961,59.5583692571254,59.7178782180911,59.8773889301455,60.0369013810824,60.1964155588329,60.3559314514398,60.5154490471041,60.6749683341284,60.8344893009301,60.9940119361131,61.1535362283443,61.3130621664444,61.4725897393491,61.6321189361297,61.7916497459483,61.9511821581223,62.1107161620551,62.2702517472776,62.4297889034372,62.5893276203326,62.7488678878149,62.9084096958778,63.0679530346804,63.2274978944204,63.3870442654505,63.5465921382288,63.7061415033379,63.865692351461,64.0252446734281,64.1847984601528,64.344353702652,64.5039103920991,64.6634685197814,64.8230280770932,64.9825890555697,65.1421514468262,65.3017152426482,65.4612804349179,65.6208470156625,65.7804149770701,65.9399843113841,66.0995550110494,66.2591270686669,66.4187004769099,66.5782752286688,66.7378513169507,66.8974287349502,67.057007475997,67.2165875336337,67.3761689015225,67.5357515735356,67.6953355437464,67.8549208064132,68.0145073560279,68.1740951872886,68.3336842951247,68.4932746746915,68.6528663214036,68.8124592309531,68.9720533992964,69.131648822698,69.29124549772,69.4508434212917,69.6104425906518,69.7700430034378,69.9296446576661,70,70.0892475517463
0,0,0,0,0,0,0,0,0,0,0,0,0,0,0,0,0,0,0,0,0,0,0,0,0,0,0,0,0,0,0,0,0,0,0,0,0,0,0,0,0,0,0,0,0,0,0,0,0,0,0,0,0,0,0,0,0,0,0,0,0,0,0,0,0,0,0,0,0,0,0,0,0,0,0,0,0,0,0,0,0,0,0,0,0,0,0,0,0,0,0,0,0,0,0,0,0,0,0,0,0,0,0,0,0,0,0,0,0,0,0,0,0,0,0,0,0,0,0,0,0,0,0,0,0,0,0,0,0,0,0,0,0,0,0,0,0,0,0,0,0,0,0,0,0,0,0,0,0,0,0,0,0,0,0,0,0,0,0,0,0,0,0,0,0,0,0,0,0,0,0,0,0,0,0,0,0,0,0,0,0,0,0,0,0,0,0,0,0,0,0,0,0,0,0,0,0,0,0,0,0,0,0,0,0,0,0,0,0,0,0,0,0,0,0,0,0,0,0,0,0,0,0,0,0,0,0,0,0,0,0,0,0,0,0,0,0,0,0,0,0,0,0,0,0,0,0,0,0,0,0,0,0,0,0,0,0,0,0,0,0,0,0,0,0,0,0,0,0,0,0,0,0,0,0,0,0,0,0,0,0,0,0,0,0,0,0,0,0,0,0,0,0,0,0,0,0,0,0,0,0,0,0,0,0,0,0,0,0,0,0,0,0,0,0,0,0,0,0,0,0,0,0,0,0,0,0,0,0,0,0,0,0,0,0,0,0,0,0,0,0,0,0,0,0,0,0,0,0,0,0
6.9333576105592,6.94048106686363,6.94068082782509,6.94000639892799,6.93609192233963,6.92428534704825,6.91261306017189,6.90474065971626,6.90377075705241,6.91344290057094,6.93927270388577,6.99077742444552,7.08792249593952,7.29319469244477,7.52675155883091,7.71571030467504,8.3472406989185,8.74163710811795,9.10460168781422,9.43843400822135,9.74956376257602,10.0427714904739,10.3213982981678,10.5878354839776,10.8438540457051,11.0908079844793,11.3297612134731,11.5615692613883,11.7869336483916,12.0064392174972,12.2205804939241,12.4297807672284,12.6344062115668,12.8347765436623,13.0311732050648,13.2238457449261,13.4130168674494,13.5988864737244,13.7816349357213,13.9614257751266,14.1384078762699,14.3127173299211,14.4844789810797,14.65380773812,14.8208096875116,14.9855830486308,15.14821899622,15.30880237316,15.4674123101321,15.6241227684904,15.7790030160496,15.9321180471388,16.0835289542928,16.2332932584023,16.3814652029247,16.5280960169647,16.6732341513987,16.8169254910172,16.9592135456679,17.1001396236734,17.2397429883141,17.3780610002396,17.5151292475019,17.6509816635466,17.7856506354429,17.9191671030376,18.051560649856,18.1828595864757,18.3130910275847,18.4422809629893,18.570454323076,18.6976350394247,18.8238461010505,18.9491096065103,19.073446812232,19.196878177569,19.3194234067062,19.4411014878155,19.5619307295236,19.6819287949502,19.801112733655,19.9194990114131,20.0371035385001,20.1539416956101,20.2700283588279,20.3853779226463,20.5000043218132,20.6139210520887,20.7271411893016,20.8396774079116,20.9515419981416,21.0627468822466,21.1733036300265,21.2832234734112,21.3925173201233,21.5011957669294,21.6092691120025,21.7167473666624,21.8236402665261,21.9299572822251,22.0357076294195,22.1409002784337,22.2455439633002,22.3496471907182,22.4532182479214,22.5562652109673,22.658795952061,22.7608181467667,22.862339281003,22.9633666573901,23.0639074016672,23.1639684687022,23.2635566481008,23.3626785697203,23.4613407090059,23.5595493919687,23.6573107999651,23.7546309743301,23.8515158209177,23.9479711142014,24.044002501389,24.1396155063784,24.234815533603,24.3296078714009,24.4239976957161,24.5179900732875,24.6115899651252,24.7048022291944,24.7976316237265,24.8900828099634,24.9821603549061,25.0738687339176,25.1652123335005,25.2561954535931,25.3468223099157,25.4370970363825,25.5270236873399,25.6166062394889,25.705848594311,25.7947545797722,25.8833279522789,25.9715723987151,26.0594915381106,26.1470889234185,26.2343680431038,26.3213323230471,26.4079851276977,26.4943297620485,26.5803694727632,26.6661074498217,26.7515468277911,26.8366906872451,26.9215420559147,27.0061039102089,27.0903791762006,27.1743707308965,27.2580814033439,27.341513975916,27.4246711851421,27.5075557229051,27.5901702374133,27.6725173342792,27.7545995773123,27.836419489642,27.9179795543952,27.9992822157858,28.0803298799356,28.1611249155803,28.2416696548842,28.3219663945041,28.4020173959379,28.4818248866387,28.5613910603535,28.6407180783385,28.7198080694712,28.7986631314351,28.8772853308214,28.9556767044126,29.0338392591235,29.1117749731903,29.1894857962697,29.2669736503698,29.3442404302201,29.4212880038063,29.4981182129572,29.5747328738065,29.6511337773877,29.7273226899933,29.8033013537072,29.8790714869553,29.9546347847094,30.0299929192439,30.1051475403204,30.1801002757677,30.2548527317739,30.3294064933091,30.4037631245093,30.4779241693142,30.5518911512811,30.6256655745305,30.699248923793,30.7726426647231,30.8458482444188,30.9188670916232,30.9917006171587,31.0643502139986,31.1368172579,31.2091031076177,31.2812091048747,31.3531365751888,31.4248870417326,31.4964613678367,31.5678610469264,31.6390873414086,31.7101414983475,31.7810247500633,31.851738314084,31.9222833936718,31.9926611777911,32.0628728416765,32.1329195467754,32.2028024410735,32.2725226591539,32.3420813228856,32.4114795410986,32.4807184099547,32.5497990133666,32.6187224228148,32.6874896979407,32.7561018864202,32.8245600242906,32.8928651360862,32.9610182350374,33.0290203233089,33.096872391986,33.1645754215315,33.2321303815612,33.299538231393,33.3667999199253,33.4339163859034,33.5008885581506,33.5677173555723,33.6344036873147,33.7009484529562,33.7673525427024,33.8336168374179,33.8997422088078,33.9657295194905,34.0315796233581,34.0972933651224,34.1628715812903,34.22831509959,34.2936247394526,34.3588013118817,34.4238456197572,34.4887584577902,34.5535406129532,34.6181928640976,34.6827159825017,34.7471107316735,34.811377867686,34.8755181390262,34.9395322868844,35.0034210452372,35.0671851407507,35.1308252931707,35.1943422150631,35.2577366123624,35.3210091837512,35.3841606215559,35.4471916112951,35.510102831793,35.5728949554538,35.6355686481224,35.6981245694697,35.7605633725979,35.8228857045649,35.8850922061061,35.947183511843,36.0091602503746,36.0710230441357,36.1327725097665,36.1944092577857,36.2559338929814,36.3173470141877,36.3786492144707,36.4398410811483,36.5009231956271,36.5618961338521,36.6227604657725,36.6835167558731,36.7441655626748,36.8047074393926,36.865142933267,36.925472585997,36.9856969334596,37.0458165060277,37.105831828076,37.1657434183766,37.2255517897671,37.2852574494134,37.3448608982542,37.4043626315619,37.4637631383995,37.5230629015226,37.5822623976888,37.6413620969609,37.7003624633329,37.7592639536617,37.8180670183939,37.8767721008108,37.9353796370634,37.9938900558974,38.0523037784733,38.1106212180509,38.1688427797275,38.226968860298,38.2849998475578,38.3429361202569,38.4007780476461,38.4585259889381,38.5161802929491,38.5737412976222,38.6312093292671,38.6885847023292,38.7458677182685,38.8030586655054,38.8601578179907,38.9171654348586,38.9740817593077,39.0309070179201,39.0876414192779,39.1442851531576,39.2008383890816,39.257301275301,39.313673937142,39.3699564757686,39.4261489662113,39.4822514559705,39.5382639627659,39.5941864729095,39.6500189385747,39.7057612759509,39.7614133622407,39.816975032867,39.8724460790491,39.9278262436229,39.9831152183473,40.0383126395497,40.0626152872398,40.0934180843303
-4.92950509336065e-09,0.6373143602517,0.709327323215002,0.807660735178999,0.91599805344621,1.02960802861008,1.12362046296709,1.22788561224564,1.3516678240065,1.50313632777268,1.69419829747256,1.94580917582218,2.30250374605752,2.90530150153251,3.50080712289286,3.95056626380481,5.36211291409017,6.21107090811007,6.98374015997795,7.69145130206809,8.35069538697014,8.97291237528515,9.56580832685812,10.1347481956983,10.6836128877095,11.2153076553375,11.7320716809665,12.2356736923549,12.7275401299705,13.2088419248817,13.680554990408,14.1435034863954,14.5983914641049,15.0458264858236,15.4863375620311,15.9203889964143,16.3483912224852,16.7707093940569,17.1876702763719,17.5995678308375,18.0066677857602,18.4092114105923,18.8074186561898,19.2014907885718,19.5916126129477,19.9779543632651,20.3606733172878,20.7399151859526,21.1158153117095,21.488499711806,21.8580859857314,22.2246841113313,22.5883971446234,22.9493218378567,23.3075491862315,23.6631649148776,24.0162499129252,24.3668806214234,24.7151293811395,25.0610647465875,25.4047517676383,25.7462522451802,26.0856249629627,26.4229258972913,26.7582084087068,27.0915234164295,27.4229195581457,27.7524433357854,28.080139249538,28.4060499213849,28.7302162081153,29.052677306239,29.3734708481401,29.6926329917933,30.0101985030735,30.3262008327674,30.640672187468,30.9536435961421,31.2651449719271,31.5752051690046,31.8838520367967,32.1911124698265,32.4970124550037,32.8015771149526,33.1048307497485,33.4067968751034,33.70749825889,34.0069569550034,34.3051943357552,34.6022311218525,34.8980874108004,35.1927827039753,35.4863359319015,35.7787654781858,36.0700892020713,36.3603244600695,36.6494881261898,36.9375966109808,37.2246658800384,37.5107114711404,37.7957485108677,38.0797917298952,38.362855478106,38.6449537386178,38.9261001412949,39.2063079754227,39.4855902018339,39.7639594648839,40.041428103069,40.3180081601421,40.5937113947766,40.8685492904159,41.1425330645369,41.4156736775193,41.6879818408528,41.9594680254049,42.2301424692813,42.5000151851116,42.7690959670883,43.0373943978881,43.3049198551863,43.5716815181198,43.8376883730199,44.1029492193687,44.3674726753441,44.6312671831567,44.8943410143283,45.1567022743656,45.4183589078638,45.6793187026892,45.9395892947543,46.1991781721187,46.4580926790415,46.7163400200841,46.9739272637597,47.2308613463153,47.487149075082,47.7427971322498,47.9978120778249,48.2522003528884,48.505968282995,48.7591220806997,49.0116678486391,49.2636115823946,49.5149591730504,49.7657164096906,50.0158889822736,50.2654824836477,50.5145024121214,50.7629541739282,51.0108430850508,51.2581743735738,51.5049531816946,51.7511845676836,51.9968735081831,52.2420248994338,52.4866435599876,52.7307342313601,52.9743015808406,53.2173502025702,53.4598846191659,53.7019092834522,53.9434285801026,54.1844468267168,54.4249682757999,54.664997115687,54.9045374719587,55.1435934090452,55.3821689314524,55.6202679846525,55.8578944566782,56.0950521791264,56.3317449285417,56.5679764268277,56.8037503434299,57.0390702952594,57.2739398487582,57.5083625197998,57.7423417757931,57.9758810355922,58.2089836712371,58.4416530084313,58.6738923271652,58.9057048632344,59.1370938084965,59.3680623121792,59.5986134809253,59.8287503802299,60.058476034813,60.2877934294653,60.5167055098636,60.7452151829519,60.9733253177927,61.2010387462155,61.4283582634214,61.6552866285695,61.8818265655211,62.1079807628218,62.3337518753448,62.5591425236757,62.7841552955059,63.0087927457446,63.2330573969383,63.4569517401092,63.6804782348492,63.9036393102419,64.1264373647595,64.3488747668338,64.5709538559454,64.792676941946,65.0140455548576,65.2350634564435,65.455732114933,65.6760537273155,65.8960304638672,66.115664467849,66.3349578560225,66.553912718882,66.7725311210722,66.9908151010954,67.2087666724619,67.4263878233702,67.64368051732,67.8606466926234,68.0772882635131,68.2936071201535,68.5096051283307,68.7252841302453,68.9406459444081,69.1556923657873,69.3704251661829,69.5848460943181,69.7989568756593,70.0127592129686,70.2262547863037,70.4394452528126,70.6523322473965,70.8649173822403,71.0772022472866,71.2891884100154,71.50087741569,71.7122707870998,71.9233700249911,72.1341766079028,72.3446919918848,72.55491761091,72.7648548765218,72.9745051780987,73.1838698820881,73.3929503333969,73.6017478535391,73.8102637415806,74.0184992737345,74.2264557035146,74.4341342609764,74.6415361533861,74.8486625639906,75.055514652852,75.2620935558945,75.4684003851101,75.6744362278013,75.880202146956,76.0856991805091,76.2909283409332,76.4958906153414,76.7005869645763,76.9050183233569,77.1091855992066,77.3130896730719,77.5167313975313,77.7201115971534,77.9232310679284,78.1260905765459,78.3286908599064,78.5310326240535,78.7331165444254,78.9349432642397,79.1365133944214,79.3378275126739,79.5388861625286,79.7396898527011,79.9402390560812,80.1405342089799,80.3405757099149,80.5403639188853,80.7398991561309,80.939181700901,81.1382117907953,81.336989619613,81.5355153372106,81.7337890470926,81.9318108058875,82.1295806208945,82.3270984493022,82.5243641964343,82.7213777135819,82.9181387963298,83.1146471833085,83.3109025532317,83.5069045233768,83.702652646909,83.8981464114374,84.0933852352848,84.2883684658711,84.4830953770166,84.6775651652839,84.8717769480902,85.0657297591848,85.2594225467782,85.4528541688057,85.6460233899328,85.8389288775061,86.0315691971466,86.2239428088734,86.416048061927,86.6078831906462,86.7994463084705,86.9907354032488,87.1817483312672,87.3724828109134,87.562936416698,87.7531065719342,87.942990541987,88.1325854266059,88.3218881512601,88.510895459479,88.6996039026244,88.8880098311233,89.0761093836493,89.2638984764916,89.451372791351,89.6385277636899,89.8253585690615,90.0118601090612,90.1980269966105,90.3838535395874,90.5693337240371,90.754461196231,90.939229242132,91.1236307684653,91.3076582783842,91.4913038494362,91.6745591067444,91.8574151967282,92.0398627577105,92.221891887241,92.4034921105706,92.5846523421941,92.7653608485633,92.844873640562,92.9456052050236
-5.60151842273137e-10,0.104595275309741,0.124547680080912,0.159338496249613,0.217539732248985,0.317838284024608,0.415327282468633,0.518292887865516,0.632090968645344,0.76266179427278,0.91850369433218,1.11403065286729,1.37914931058867,1.80719917971479,2.21389221267542,2.5132491117613,3.42023438580124,3.94686270162837,4.41607191395464,4.83834793940656,5.22585349635151,5.58681515124928,5.92673684190191,6.24944511822285,6.55771022565753,6.85360964739516,7.13874811329426,7.41439620618719,7.68158106791072,7.94114780485695,8.19380231542039,8.44014195002872,8.68067796592018,8.91585231120007,9.14605039227201,9.37161094477985,9.59283377332336,9.80998589802632,10.0233064938113,10.2330109005688,10.4392939108877,10.6423324894173,10.8422880394677,11.0393083070364,11.2335289911378,11.425075114115,11.6140621946969,11.8005972583245,11.984779710212,12.1667020958348,12.3464507637772,12.5241064476927,12.6997447784998,12.8734367372197,13.0452490560957,13.2152445760779,13.3834825657593,13.5500190067687,13.7149068499121,13.8781962463235,14.0399347553182,14.2001675329827,14.3589375032153,14.5162855128068,14.6722504730552,14.826869488806,14.9801779766313,15.1322097728717,15.2829972328556,15.432571322371,15.5809617015019,15.7281968023764,15.8743039005193,16.0193091813398,16.163237801311,16.306113945046,16.4479608780091,16.5888009958619,16.7286558703344,16.8675462915968,17.0054923083947,17.1425132651736,17.2786278370518,17.413854062208,17.5482093727073,17.6817106229922,17.8143741169596,17.9462156331118,18.0772504486384,18.2074933616477,18.3369587123093,18.4656604029264,18.5936119166838,18.7208263354338,18.8473163564783,18.9730943085518,19.0981721668472,19.2225615672004,19.3462738197507,19.4693199216787,19.5917105694856,19.7134561703994,19.834566853536,19.9550524802437,20.0749226541995,20.1941867307234,20.3128538258241,20.4309328249771,20.5484323910433,20.6653609724497,20.7817268103684,20.8975379459596,21.0128022272555,21.1275273156598,21.2417206920713,21.3553896629516,21.4685413661055,21.5811827760741,21.6933207093362,21.8049618293992,21.9161126516076,22.0267795478704,22.1369687508918,22.246686358605,22.3559383381811,22.4647305300236,22.5730686515238,22.6809583006571,22.7884049595925,22.8954139978734,23.0019906758298,23.108140147659,23.2138674643221,23.3191775765933,23.4240753377456,23.5285655062902,23.6326527484558,23.7363416409124,23.8396366729558,23.9425422488978,24.045062690512,24.1472022389108,24.2489650567799,24.3503552304553,24.4513767718143,24.5520336200864,24.6523296439184,24.7522686428633,24.8518543492708,24.9510904299982,25.0499804878146,25.1485280630818,25.2467366352413,25.3446096241713,25.442150391852,25.5393622433686,25.636248428698,25.7328121433462,25.8290565302558,25.9249846806339,26.0205996351522,26.1159043851345,26.2109018737442,26.3055949968062,26.3999866041723,26.4940795004272,26.5878764458939,26.6813801577517,26.7745933109521,26.8675185388164,26.9601584342205,27.052515550239,27.1445924011995,27.236391462949,27.3279151743722,27.4191659373878,27.5101461183599,27.600858048083,27.6913040231941,27.7814863061698,27.8714071265052,27.9610686810509,28.0504731345053,28.1396226203914,28.2285192412741,28.3171650696303,28.4055621479475,28.4937124896561,28.5816180794115,28.6692808736407,28.7567028011197,28.843885763228,28.930831634528,29.017542263159,29.1040194712958,29.1902650555113,29.2762807872481,29.3620684128423,29.4476296545528,29.5329662102081,29.6180797540342,29.7029719367903,29.7876443860146,29.8720987064951,29.9563364803846,30.0403592677403,30.1241686064637,30.2077660126016,30.2911529810544,30.3743309850848,30.4573009481547,30.540065364062,30.6226251106078,30.7049815777847,30.7871361356799,30.8690901341704,30.950844903213,31.0324017529112,31.1137619737532,31.1949268363336,31.2758975919924,31.3566754725783,31.4372616907629,31.5176574395724,31.5978638930912,31.6778822062991,31.7577135148241,31.8373589353128,31.9168195652402,31.996096482934,32.0751907476278,32.1541033994104,32.2328354589934,32.3113879278978,32.3897617882944,32.4679580027466,32.5459775144217,32.623821246651,32.7014901030455,32.7789849671576,32.8563067024307,32.9334561518606,33.0104341380341,33.0872414627724,33.1638789067869,33.2403472296157,33.3166471692065,33.392779441797,33.4687447411661,33.544543739199,33.6201770844251,33.6956454023531,33.770949294835,33.8460893398427,33.9210660906701,33.995880075958,34.0705317985623,34.1450217356934,34.2193503378996,34.2935180287943,34.3675252041317,34.4413722316035,34.5150594498941,34.5885871679723,34.6619556646111,34.7351651873568,34.8082159520118,34.8811081414852,34.9538419055363,35.0264173591346,35.0988345820124,35.1710936177007,35.2431944724224,35.3151371140989,35.3869214710307,35.4585474312662,35.5300148409263,35.6013235033361,35.6724731776997,35.7434635776709,35.814294370134,35.8849651737123,35.955475557401,36.0258250389327,36.0960130833655,36.1660391013696,36.2359024474615,36.3056024186001,36.3751382518303,36.4445091230875,36.5137141446769,36.5827523637865,36.6516227598605,36.7203242429448,36.7888556514256,36.8572157494549,36.9254032247123,36.9934166863799,37.0612546620058,37.1289155953065,37.1963978431909,37.2636996735254,37.3308192614929,37.3977546872554,37.4645039328894,37.5310648787585,37.5974353009789,37.6636128672355,37.729595134218,37.7953795433416,37.8609634175145,37.9263439572499,37.9915182366446,38.0564831996345,38.1212356554882,38.1857722750209,38.2500895856722,38.3141839674093,38.3780516479574,38.4416886978055,38.5050910255554,38.5682543724863,38.631174307606,38.6938462222361,38.7562653240653,38.8184266319684,38.8803249694989,38.9419549592272,39.0033110162156,39.0643873416867,39.1251779159993,39.1856764921405,39.2458765883856,39.305771480816,39.3653541959362,39.424617502514,39.4835539035794,39.5421556281309,39.600414621706,39.6583225384264,39.7158707302939,39.7730502383833,39.8298517818892,39.8862657480528,39.9422821809885,39.9978907693523,40.0530808354842,40.1078413214003,40.1621607764064,40.1859626901911,40.2160273424401
-1.91616989738861e-08,2.37221671687425,2.61610925595219,2.92712511854895,3.20914836158335,3.36807608035231,3.42328148176117,3.47386273567741,3.53785235885966,3.62192089389393,3.7327387591408,3.88127455111105,4.0903453663378,4.43072734723215,4.74819623077987,4.97615368512144,5.63548160557234,5.99828348471688,6.31063684977352,6.58384308293348,6.8285523999767,7.05174487505112,7.25803714491187,7.45062019705834,7.63179532480657,7.80328298152086,7.966408263423,8.12221728158623,8.27155313986527,8.41510730140571,8.5534553855999,8.68708278238312,8.81640340458455,8.94177370000934,9.06350330719902,9.18186329004977,9.29709259197623,9.40940315828296,9.51898405012712,9.62600478178931,9.73061805452595,9.83296201546287,9.93316213859755,10.0313328029094,10.1275786254166,10.2219955940375,10.3146720360929,10.4056894509127,10.4951232287162,10.583043275262,10.6695145554498,10.7545975702238,10.8383487750326,10.9208209492627,11.0020635229598,11.0821228675167,11.1610425541464,11.2388635850105,11.3156246003203,11.3913620645137,11.4661104337212,11.5399023069814,11.6127685633364,11.6847384860724,11.7558398753557,11.8260991511415,11.8955414470901,11.9641906962197,12.0320697092935,12.0992002471015,12.1656030865025,12.2312980813989,12.2963042189028,12.3606396711199,12.4243218430991,12.4873674171932,12.549792394102,12.611612131102,12.6728413775849,12.7334943077356,12.7935845515428,12.8531252232228,12.9121289481668,12.9706078877696,13.0285737628205,13.0860378753909,13.1430111293096,13.1995040493766,13.2555267995402,13.3110891996739,13.3662007416475,13.4208706043059,13.4751076676147,13.5289205260477,13.5823175010561,13.6353066530443,13.6878957925767,13.7400924909252,13.7919040902097,13.8433377128143,13.8944002704642,13.9450984726864,13.995438834978,14.0454276864694,14.0950711772092,14.1443752851778,14.1933458226961,14.2419884429817,14.2903086457748,14.3383117834491,14.3860030660008,14.4333875665469,14.4804702260886,14.5272558582314,14.5737491537206,14.619954684678,14.6658769087704,14.7115201730902,14.7568887178531,14.8019866800306,14.8468180967543,14.8913869087603,14.9356969632706,14.9797520171865,15.0235557399293,15.0671117162389,15.1104234488376,15.1534943609002,15.1963277986663,15.2389270336253,15.2812952648409,15.323435621247,15.3653511634957,15.4070448862096,15.4485197197414,15.489778532144,15.5308241308667,15.571659264553,15.6122866247335,15.6527088471999,15.6929285139224,15.7329481541668,15.7727702461811,15.8123972184071,15.8518314509104,15.8910752766548,15.9301309826908,15.9690008113406,16.0076869614116,16.0461915894039,16.0845168103087,16.1226646988719,16.1606372905413,16.1984365823488,16.2360645340568,16.2735230687468,16.310814074139,16.3479394028548,16.3849008737554,16.4217002724511,16.4583393521678,16.4948198344211,16.5311434097852,16.5673117385052,16.6033264513372,16.6391891499752,16.6749014077019,16.7104647701747,16.7458807559183,16.7811508567764,16.8162765385702,16.8512592415767,16.8861003811829,16.9208013479974,16.9553635088889,16.9897882068904,17.0240767620976,17.0582304717099,17.0922506107895,17.1261384323517,17.1598951680389,17.1935220283165,17.2270202027728,17.2603908607044,17.293635151204,17.3267542037703,17.3597491282207,17.3926210153756,17.4253709370732,17.457999946608,17.4905090790109,17.5228993511639,17.5551717621407,17.5873272934116,17.6193669091455,17.6512915563496,17.6831021651011,17.7147996486648,17.7463849039338,17.7778588112422,17.8092222348605,17.8404760230693,17.8716210081755,17.9026580068196,17.9335878200511,17.9644112335399,17.9951290175975,18.0257419272449,18.0562507026488,18.0866560687711,18.1169579648897,18.1471586356401,18.1772579838647,18.2072566750331,18.2371553606441,18.2669546776854,18.2966552487698,18.3262576821349,18.3557625717347,18.3851704971076,18.4144820237249,18.4436977027368,18.4728180713178,18.5018436521658,18.5307749541086,18.559612471828,18.5883566858577,18.6170080626623,18.6455670546289,18.6740341000518,18.7024096231491,18.7306940341155,18.7588877289441,18.7869910895923,18.8150044839076,18.8429282656013,18.8707627742359,18.898508335241,18.9261652598661,18.9537338451983,18.9812143741078,19.0086071152298,19.0359123229854,19.0631302376043,19.0902610850036,19.11730507683,19.1442624104908,19.1711332691469,19.1979178215185,19.22461622239,19.2512286119944,19.2777551163987,19.3041958474742,19.3305509029491,19.3568203662998,19.3830043070159,19.4091027803767,19.4351158278222,19.461043476792,19.4868857409922,19.5126426202381,19.5383141009294,19.5639001558942,19.5894007446361,19.6148158135159,19.6401452958995,19.6653891123648,19.690547170895,19.7156193673315,19.7406055852615,19.7655056966174,19.790319561932,19.8150470307095,19.839687941732,19.8642421234466,19.8887093946146,19.9130895645473,19.937382433805,19.9615877947643,19.9857054321021,20.0097351235359,20.0336766405385,20.0575297490693,20.0812942103271,20.104969781718,20.1285562177151,20.1520532707601,20.1754606925628,20.1987782348765,20.2220056510145,20.2451426968527,20.268189132404,20.2911447229842,20.3140092409322,20.3367824672704,20.3594641930982,20.3820542216119,20.4045523701956,20.4269584720407,20.4492723785563,20.4714939614843,20.493623115542,20.5156597604867,20.5376038442101,20.5594553454414,20.5812142764616,20.6028806866616,20.6244546653293,20.6459363455764,20.6673259076866,20.6886235831126,20.7098296584988,20.730944479832,20.7519684571777,20.772902069076,20.7937458678387,20.8145004844699,20.8351666343302,20.8557451229434,20.8762368518689,20.8966428253157,20.9169641565568,20.9372020752579,20.9573579348197,20.9774332198972,20.9974295549871,21.0173487126978,21.0371926229095,21.0569633822712,21.0766632642267,21.0962947293424,21.1158604365812,21.1353632548142,21.1548062749618,21.1741928230585,21.1935264735952,21.2128110639172,21.2320507093873,21.2512498187471,21.2704131116732,21.2895456355923,21.3086527848834,21.3277403202454,21.3468143897905,21.36588155108,21.3849487939622,21.4040235661806,21.4231137987948,21.4422279346201,21.4506638659311,21.4613749575084
-1.97218508128643e-08,2.5500534328478,2.83853399136514,3.23307084425888,3.67024166792697,4.13878742908141,4.54029298642906,4.99917858842306,5.56036909298431,6.26941559430205,7.19651819294573,8.46936360366238,10.3675663769216,13.8032329939004,17.4524677337134,20.3628809256043,30.2763001146999,36.7572698119652,42.9657878487424,48.8969385907218,54.6224673230357,60.1968232915516,65.6571105979629,71.0289030350703,76.3303491764868,81.574714858748,86.7719567572397,91.9297212515656,97.0539978086684,102.149558944355,107.220264475118,112.269277015684,117.299217845724,122.312281876641,127.310323816183,132.294923800868,137.267438048476,142.229038431477,147.180743762854,152.123444767154,157.057924210786,161.984873273928,166.90490495413,171.818565135655,176.726341792337,181.628672681245,186.525951812157,191.418534934496,196.306744177335,201.190872048552,206.071184837535,210.94792556346,215.821316524137,220.691561512782,225.558847743041,230.423347542356,235.285219838864,240.144611465193,245.001658306301,249.856486333699,254.709212501015,259.559945554216,264.408786760882,269.255830546096,274.101165075199,278.944872772894,283.787030794107,288.627711440517,293.466982543886,298.304907815548,303.141547155508,307.976956940502,312.811190281048,317.644297261435,322.476325151572,327.307318607249,332.137319848035,336.966368826638,341.79450338265,346.621759375074,351.44817081779,356.273769993515,361.098587572016,365.922652700141,370.745993105539,375.568635176298,380.390604044517,385.211923661165,390.032616863887,394.852705443433,399.672210201044,404.491151005668,409.309546847084,414.127415884027,418.944775486212,423.761642281508,428.578032194095,433.393960478955,438.209441759503,443.024490059275,447.839118834128,452.653340997473,457.467168949079,462.28061460342,467.093689407618,471.906404369107,476.718770071818,481.530796701513,486.342494060742,491.153871588608,495.964938375626,500.775703182733,505.58617445215,510.396360325477,515.206268653595,520.015907010907,524.82528270898,529.634402805588,534.443274116297,539.251903224607,544.060296490851,548.868460063442,553.676399888033,558.484121710935,563.291631092922,568.098933411249,572.906033875704,577.712937523758,582.519649236761,587.326173739661,592.132515610864,596.938679284809,601.744669061259,606.550489108077,611.356143464579,616.161636048755,620.96697066007,625.772150984484,630.577180599448,635.382062975355,640.186801481557,644.991399388636,649.795859872632,654.600186017812,659.404380818734,664.208447185161,669.012387942825,673.816205838718,678.619903539882,683.423483641767,688.226948664489,693.030301059047,697.833543205252,702.636677418991,707.439705954014,712.242630996471,717.045454676913,721.848179064156,726.65080617129,731.45333795586,736.255776319503,741.058123113181,745.860380137104,750.662549140565,755.464631824665,760.266629843412,765.068544803877,769.870378268373,774.672131754575,779.473806738985,784.275404652765,789.076926889608,793.878374799758,798.679749695499,803.481052849544,808.282285496993,813.083448834482,817.884544022085,822.68557218364,827.486534406963,832.287431744937,837.088265215992,841.889035802194,846.689744452656,851.490392082394,856.290979574818,861.091507777628,865.891977506216,870.69238954262,875.492744637272,880.293043507,885.093286835855,889.89347527534,894.693609445805,899.493689932973,904.29371728979,909.093692037545,913.893614663238,918.693485620985,923.493305330376,928.293074178957,933.092792518139,937.892460663957,942.692078898979,947.491647469353,952.291166585087,957.090636417676,961.890057103433,966.689428739515,971.488751384517,976.288024828559,981.087249505353,985.886425122247,990.68555157353,995.484628708626,1000.28365633376,1005.08263420756,1009.88156204343,1014.68043950536,1019.47926620713,1024.27804171359,1029.07676553591,1033.87543712952,1038.67405589671,1043.47262118038,1048.27113226499,1053.06958837362,1057.86798866553,1062.66633223654,1067.46461811248,1072.26284525056,1077.06101253782,1081.85911878337,1086.65716272115,1091.45514300527,1096.25305820663,1101.05090681098,1105.84868721559,1110.64639772535,1115.44403655052,1120.24160180373,1125.03909149412,1129.83650352504,1134.63383569162,1139.43108567348,1144.22825103426,1149.02532921387,1153.82231752613,1158.6192131521,1163.41601313759,1168.21271438889,1173.00931366157,1177.80580756172,1182.60219253669,1187.39846486935,1192.19462067357,1196.99065588623,1201.78656626118,1206.58234736268,1211.37799455744,1216.17350300852,1220.9688676655,1225.76408325979,1230.55914429213,1235.35404502798,1240.14877948543,1244.94334142881,1249.73772435658,1254.53192149359,1259.32592577837,1264.11972985455,1268.91332605812,1273.70670640756,1278.49986259139,1283.29278595373,1288.08546748512,1292.87789780636,1297.67006715542,1302.46196537416,1307.25358189231,1312.04490571235,1316.83592539419,1321.62662903738,1326.41700426602,1331.20703820925,1335.99671748336,1340.78602817329,1345.57495581229,1350.36348536093,1355.15160118742,1359.93928704397,1364.7265260439,1369.51330064108,1374.29959260089,1379.08538297784,1383.87065208826,1388.65537948352,1393.43954392017,1398.22312333269,1403.006094801,1407.78843452003,1412.57011776637,1417.35111886621,1422.13141115566,1426.9109669482,1431.68975749663,1436.46775295005,1441.24492231643,1446.02123341874,1450.79665285094,1455.57114593198,1460.34467665924,1465.1172076576,1469.88870012778,1474.6591137954,1479.42840685371,1484.19653590535,1488.96345590393,1493.72912008897,1498.49347992388,1503.25648502561,1508.0180830959,1512.77821984772,1517.53683892523,1522.29388182887,1527.04928782927,1531.80299387845,1536.55493452275,1541.30504180445,1546.05324516419,1550.79947133601,1555.54364423925,1560.2856848626,1565.02551114649,1569.76303785716,1574.49817645406,1579.23083495301,1583.96091777866,1588.68832561318,1593.41295523221,1598.13469933739,1602.85344637562,1607.56908034889,1612.28148061397,1616.99052166921,1621.69607293177,1626.39799849408,1631.09615687392,1635.79040074129,1637.85841516598,1640.48057663146
1.26585212092691,1.28722031028955,1.29282858055957,1.30415273816594,1.3274723886664,1.37736137123745,1.43234526558656,1.49352703178637,1.56243883800994,1.64131670103204,1.73365690085029,1.8455311505571,1.98953834539721,2.2047779013077,2.39275202303392,2.52272096340593,2.88316405562452,3.07466190103307,3.23674967234851,3.37679633511839,3.50106924879781,3.61357289681369,3.71691932209322,3.8128962030807,3.90278263369605,3.98752845553346,4.0678609131407,4.1443510798803,4.21745696818845,4.2875525265105,4.35494775611872,4.41990304641867,4.48263963105257,4.5433473731654,4.6021906665819,4.65931298208071,4.71484041990532,4.76888452172068,4.82154452249891,4.87290917280592,4.92305822778243,4.97206367446878,5.01999075151313,5.06689880272117,5.1128419964993,5.15786993602235,5.2020281797557,5.24535868806624,5.28790020815862,5.32968860779928,5.37075716545952,5.41113682407311,5.45085641359828,5.48994284700792,5.52842129354807,5.56631533228659,5.60364708880547,5.64043735708762,5.67670570849275,5.7124705897266,5.74774941076949,5.78255862417824,5.81691379693172,5.85082967529122,5.88432024375165,5.91739877875405,5.95007789752055,5.98236960264692,6.01428532296187,6.0458359509553,6.07703187708995,6.10788302134549,6.1383988623291,6.16858846405797,6.19846050069794,6.22802327944419,6.2572847617241,6.28625258285488,6.31493407025584,6.34333626042976,6.37146591470561,6.3993295339205,6.42693337220607,6.4542834496793,6.48138556447555,6.50824530388911,6.53486805482159,6.561259013718,6.58742319559406,6.61336544284025,6.63909043327235,6.66460268777142,6.68990657750023,6.71500633069812,6.73990603899877,6.76460966352969,6.78912104057216,6.81344388696716,6.83758180513325,6.86153828796271,6.88531672331862,6.90892039838695,6.93235250371513,6.95561613721307,6.97871430764496,7.00164993831046,7.02442587028532,7.04704486556264,7.06950961014578,7.09182271680833,7.11398672789457,7.13600411790322,7.15787729595614,7.17960860811497,7.20120033972432,7.22265471752837,7.24397391168385,7.26516003775407,7.28621515864962,7.30714128632132,7.32794038352437,7.34861436547773,7.36916510145284,7.38959441620897,7.40990409150594,7.43009586747462,7.45017144399848,7.47013248185396,7.48998060407355,7.50971739707072,7.52934441176233,7.54886316462837,7.56827513885355,7.58758178524946,7.60678452320864,7.62588474168136,7.64488380009911,7.66378302908507,7.68258373150536,7.70128718310277,7.71989463326941,7.73840730591043,7.75682640004568,7.77515309055895,7.79338852879513,7.81153384334484,7.8295901404605,7.84755850486251,7.86544000015798,7.88323566950046,7.90094653607904,7.91857360367133,7.93611785709151,7.95358026278643,7.97096176918265,7.98826330723754,8.0054857908072,8.02263011717367,8.0396971673458,8.05668780653809,8.07360288451774,8.09044323604256,8.10720968113116,8.12390302551672,8.14052406088657,8.15707356529616,8.17355230350209,8.18996102719036,8.20630047530804,8.2225713744651,8.23877443904991,8.25491037164567,8.27097986316761,8.28698359332125,8.30292223062328,8.31879643286129,8.33460684711251,8.3503541102466,8.36603884886894,8.38166167979189,8.39722321003767,8.41272403722582,8.42816474965695,8.44354592655462,8.45886813824646,8.47413194634471,8.48933790396836,8.50448655587249,8.51957843863483,8.5346140808686,8.54959400326221,8.5645187189134,8.57938873333631,8.59420454469918,8.60896664393041,8.62367551486455,8.63833163436279,8.65293547259803,8.66748749290189,8.68198815219215,8.69643790092724,8.71083718323732,8.72518643711986,8.7394860944943,8.75373658136588,8.76793831783672,8.78209171837453,8.79619719182815,8.81025514143567,8.82426596514997,8.83823013903844,8.85214788268094,8.86601966259761,8.87984585609181,8.89362683544457,8.90736296815881,8.9210546168906,8.93470213968947,8.94830588994771,8.96186621661417,8.97538346417571,8.98885797276697,9.0022900781709,9.01568011209618,9.02902840203955,9.04233527141741,9.05560103971865,9.06882602240525,9.0820105311844,9.09515487390181,9.10825935469201,9.12132427399283,9.13434992863342,9.14733661194106,9.16028461367856,9.17319422025072,9.18606571458164,9.19889937635372,9.21169548193308,9.22445430444555,9.23717611392061,9.24986117720158,9.26250975807767,9.2751221172995,9.28769851267577,9.30023919905497,9.31274442842071,9.32521444987632,9.33764950982042,9.35004985170736,9.36241571647085,9.37474734228449,9.38704496471697,9.39930881671401,9.4115391286474,9.42373612836807,9.43590004132795,9.44803109040444,9.4601294961586,9.47219547670978,9.48422924786894,9.49623102310166,9.5082010135884,9.52013942830411,9.53204647392409,9.54392235501101,9.5557672738718,9.56758143081615,9.57936502383107,9.59111824903085,9.60284130037374,9.61453436975646,9.62619764712109,9.6378313203464,9.64943557546976,9.66101059645111,9.6725565654152,9.68407366254322,9.69556206612232,9.70702195260656,9.71845349652397,9.72985687066193,9.74123224589038,9.75257979133398,9.7638996742783,9.77519206024113,9.78645711298063,9.79769499439436,9.80890586475435,9.820089882432,9.83124720416067,9.84237798477331,9.8534823775315,9.86456053378226,9.87561260321987,9.88663873365958,9.89763907126796,9.90861376030874,9.91956294331344,9.93048676094197,9.94138535210595,9.95225885372366,9.96310740096219,9.97393112702506,9.98473016309159,9.99550463846164,10.0062546802886,10.0169804138353,10.0276819619921,10.0383594456715,10.049012983432,10.0596426915461,10.0702486838525,10.0808310717738,10.0913899640831,10.1019254669214,10.1124376837094,10.1229267148411,10.1333926577834,10.1438356067994,10.154255652835,10.1646528833343,10.1750273821105,10.185379229082,10.1957085001469,10.2060152668006,10.216299596177,10.2265615504402,10.2368011867318,10.247018556755,10.25721370654,10.267386675943,10.2775374984002,10.2876662003351,10.2977728009103,10.3078573113309,10.3179197345157,10.3279600643343,10.337978285104,10.3479743708884,10.3579482848358,10.3678999782432,10.3778293899324,10.3877364451802,10.3976210547259,10.4074831139493,10.4173225013851,10.4271390777728,10.4369326845584,10.4412424964311,10.4467031425484
1.06206264897456,1.06363476385907,1.06400455044205,1.06470085777338,1.06593835575567,1.06782913331038,1.06897483017195,1.06940553733066,1.06914115095381,1.0681865762556,1.06652186816192,1.06407855283484,1.06066735447383,1.05560647635458,1.05150899328846,1.04890192849254,1.0426329441448,1.0398197644381,1.0376792763315,1.03598772238751,1.0345970446448,1.03341959312141,1.03240074738253,1.03150441723907,1.03070555214875,1.0299860578122,1.02933243551943,1.0287343443074,1.02818368530586,1.0276739961784,1.02720003753425,1.0267575025323,1.0263428080451,1.02595294129601,1.0255853451499,1.02523783089844,1.02490851098083,1.02459574640087,1.02429810514209,1.02401432892852,1.02374330639535,1.02348405124013,1.02323568428422,1.02299741863314,1.02276854731436,1.02254843291256,1.02233649882741,1.02213222185784,1.02193512587967,1.02174477642706,1.02156077602959,1.02138276018,1.02121039383436,1.02104336836216,1.02088139887878,1.02072422190473,1.02057159330413,1.02042328646424,1.02027909068314,1.02013880973657,1.02000226060218,1.01986927232017,1.01973968497269,1.01961334876883,1.01949012322155,1.01936987640546,1.01925248428702,1.01913783011841,1.01902580388777,1.01891630181987,1.018809225922,1.01870448357002,1.01860198713028,1.01850165361408,1.01840340436127,1.01830716475005,1.01821286393037,1.0181204345788,1.01802981267289,1.0179409372829,1.0178537503798,1.01776819665762,1.0176842233689,1.01760178017267,1.01752081899297,1.01744129388789,1.0173631609277,1.01728637808111,1.01721090511018,1.01713670347142,1.0170637362241,1.0169919679445,1.01692136464564,1.0168518937022,1.01678352378044,1.01671622477224,1.01664996773337,1.01658472482554,1.0165204692621,1.01645717525668,1.01639481797524,1.01633337349062,1.01627281874008,1.0162131314847,1.01615429027199,1.0160962743996,1.01603906388172,1.01598263941717,1.01592698235897,1.01587207468603,1.01581789897588,1.01576443837908,1.01571167659494,1.01565959784862,1.01560818686902,1.01555742886813,1.01550730952145,1.01545781494918,1.01540893169828,1.01536064672577,1.01531294738255,1.01526582139798,1.01521925686529,1.01517324222783,1.01512776626559,1.01508281808269,1.01503838709509,1.01499446301944,1.01495103586176,1.014908095907,1.01486563370908,1.01482364008129,1.01478210608692,1.01474102303066,1.01470038245019,1.01466017610805,1.01462039598384,1.0145810342672,1.01454208335021,1.01450353582098,1.01446538445711,1.01442762221922,1.01439024224517,1.0143532378442,1.01431660249152,1.01428032982274,1.01424441362918,1.01420884785253,1.01417362658048,1.01413874404196,1.01410419460293,1.01406997276206,1.01403607314685,1.01400249050951,1.01396921972345,1.01393625577952,1.01390359378265,1.01387122894832,1.01383915659955,1.01380737216363,1.0137758711692,1.01374464924322,1.01371370210839,1.01368302558021,1.01365261556463,1.01362246805532,1.01359257913125,1.0135629449545,1.01353356176792,1.01350442589277,1.01347553372687,1.01344688174234,1.01341846648382,1.01339028456621,1.01336233267325,1.01333460755532,1.01330710602808,1.01327982497037,1.01325276132302,1.01322591208684,1.01319927432148,1.01317284514365,1.01314662172583,1.01312060129486,1.01309478113059,1.01306915856457,1.01304373097872,1.0130184958042,1.01299345052016,1.01296859265252,1.01294391977306,1.01291942949802,1.01289511948731,1.01287098744331,1.01284703110997,1.0128232482718,1.01279963675301,1.01277619441628,1.01275291916242,1.01272980892894,1.01270686168956,1.01268407545332,1.01266144826371,1.01263897819798,1.01261666336631,1.01259450191122,1.01257249200667,1.01255063185742,1.01252891969859,1.01250735379461,1.01248593231102,1.01246465382687,1.01244351656198,1.0124225188926,1.01240165922159,1.01238093597767,1.01236034761504,1.01233989261267,1.01231956947397,1.01229937672606,1.01227931291948,1.01225937662761,1.01223956644632,1.01221988099327,1.01220031890769,1.01218087884993,1.0121615595009,1.01214235956185,1.01212327775375,1.01210431281709,1.01208546351139,1.01206672861489,1.01204810692415,1.01202959725365,1.01201119843556,1.01199290931926,1.01197472877118,1.0119566556743,1.01193868892796,1.01192082744753,1.01190307016399,1.01188541602382,1.01186786398862,1.01185041303484,1.01183306215346,1.01181581034981,1.01179865664322,1.01178160006689,1.01176463966741,1.01174777450491,1.01173100365235,1.01171432619559,1.01169774123307,1.01168124787562,1.01166484524626,1.01164853247994,1.01163230872322,1.01161617313437,1.01160012488287,1.01158416314937,1.01156828712546,1.01155249601351,1.01153678902645,1.01152116538756,1.01150562433045,1.01149016509866,1.01147478694575,1.01145948913482,1.01144427093878,1.01142913163972,1.01141407052908,1.01139908690746,1.01138418008433,1.0113693493781,1.0113545941157,1.01133991363277,1.01132530727326,1.01131077438946,1.01129631434182,1.0112819264988,1.01126761023686,1.01125336494015,1.01123919000065,1.01122508481782,1.01121104879866,1.01119708135751,1.01118318191599,1.01116934990299,1.01115558475431,1.01114188591294,1.01112825282862,1.01111468495811,1.01110118176469,1.01108774271848,1.01107436729611,1.01106105498085,1.01104780526227,1.01103461763652,1.01102149160597,1.01100842667939,1.01099542237167,1.01098247820406,1.01096959370383,1.0109567684044,1.01094400184543,1.01093129357248,1.01091864313733,1.0109060500976,1.01089351401721,1.01088103446588,1.01086861101952,1.01085624326005,1.01084393077551,1.01083167316,1.01081947001385,1.01080732094357,1.01079522556184,1.01078318348782,1.01077119434698,1.01075925777133,1.01074737339946,1.01073554087673,1.0107237598553,1.01071202999439,1.01070035096032,1.01068872242689,1.01067714407521,1.0106656155944,1.01065413668145,1.01064270704169,1.01063132638894,1.01061999444595,1.01060871094464,1.01059747562661,1.01058628824333,1.01057514855685,1.01056405633999,1.01055301137711,1.01054201346455,1.01053106241124,1.01052015803934,1.01050930018512,1.01049848869947,1.01048772344895,1.01047700431669,1.01046633120315,1.0104557040275,1.01044512272851,1.01043458726595,1.01042995764491,1.01042409762183
8.65471985825327e-19,0.0192467116733536,0.0257009498865354,0.0384151001638488,0.0634481546548496,0.116204876421678,0.176740749800585,0.248124660251028,0.333760142446926,0.438545751280194,0.570268746407447,0.742713164758069,0.984965322381075,1.38828391716877,1.77943668037569,2.07032611682266,2.96037068701858,3.48071390004616,3.94562886135344,4.36479869339697,4.74993767195586,5.1090270823873,5.44742627745327,5.76887047429637,6.07606893579975,6.37105659736596,6.6554074360837,6.93036915664606,7.19695146827358,7.45598592312634,7.70816769758454,7.95408553318031,8.19424368451445,8.42907833808074,8.65897011141244,8.88425372355725,9.10522558268645,9.32214981569189,9.53526311636153,9.74477868382731,9.9508894532402,10.1537707693226,10.3535826158736,10.5504714895195,10.7445719851509,10.9360081456328,11.1248946176993,11.3113376479027,11.4954359435651,11.6772814230055,11.8569598696733,12.0345515066391,12.2101315023976,12.3837704181856,12.5555346043354,12.7254865536087,12.89368521653,13.0601862836247,13.2250424387927,13.3883035880299,13.550017065136,13.7102278184115,13.8689785800174,14.0263100195596,14.1822608843791,14.3368681274052,14.4901670242693,14.6421912803956,14.7929731293709,14.9425434236409,15.0909317176573,15.2381663449969,15.3842744891491,15.5292822494909,15.6732147019981,15.8160959558991,15.9579492060011,16.0987967816835,16.2386601924456,16.3775601699918,16.5155167080915,16.6525490994611,16.7886759705094,16.9239153135171,17.0582845172744,17.1918003953941,17.324479213227,17.4563367128656,17.5873881370823,17.7176482514398,17.8471313653117,17.9758513518458,18.1038216666116,18.2310553652902,18.3575651203714,18.4833632370532,18.6084616681931,18.7328720284223,18.8566056077388,18.9796733841866,19.1020860360759,19.2238539533376,19.344987248632,19.4654957676507,19.5853890991643,19.7046765842988,19.8233673255446,19.9414701954931,20.0589938447303,20.1759467099748,20.2923370212382,20.408172809032,20.5234619112295,20.6382119795396,20.7524304856066,20.8661247270577,20.9793018332595,21.0919687706949,21.2041323481457,21.3157992217653,21.426975899872,21.5376687476574,21.6478839914087,21.757627722924,21.8669059035101,21.975724367964,22.0840888283177,22.1920048774233,22.2994779925502,22.4065135385591,22.5131167713042,22.6192928407012,22.7250467936229,22.8303835769332,22.9353080401705,23.0398249382763,23.1439389340717,23.2476546009712,23.3509764251627,23.4539088079946,23.5564560684096,23.6586224448246,23.7604120973536,23.8618291098855,23.9628774919666,24.0635611806098,24.1638840423551,24.2638498747562,24.3634624082657,24.4627253079415,24.5616421748533,24.6602165477552,24.7584519045722,24.8563516637572,24.9539191859473,25.0511577749728,25.1480706796327,25.2446610943412,25.3409321610236,25.4368869699478,25.5325285609208,25.6278599244766,25.7228840030608,25.8176036918533,25.9120218401287,26.0061412519663,26.0999646872539,26.1934948628022,26.2867344532599,26.3796860917158,26.4723523708789,26.5647358437247,26.656839024545,26.7486643892232,26.8402143767405,26.9314913891844,27.0224977931496,27.1132359197337,27.2037080659399,27.2939164946838,27.3838634359643,27.4735510872081,27.5629816137606,27.6521571498618,27.7410797988679,27.8297516341178,27.9181746990399,28.0063510080793,28.0942825469851,28.1819712733575,28.2694191172248,28.3566279813039,28.4435997415781,28.5303362476953,28.6168393234267,28.7031107670323,28.7891523517351,28.8749658257499,28.9605529133083,29.0459153143163,29.1310547051799,29.2159727389433,29.3006710455414,29.3851512322721,29.4694148839138,29.5534635632677,29.6372988111041,29.7209221464673,29.8043350673813,29.8875390503727,29.9705350386941,30.0533254967216,30.1359113225139,30.2182939099209,30.3004746330319,30.3824548458897,30.4642358827828,30.54581905832,30.6272056676721,30.7083969863036,30.7893942706113,30.8701987576992,30.9508116656921,31.0312341932859,31.1114675204445,31.1915128082513,31.2713711986679,31.3510438149111,31.4305317612715,31.5098361231438,31.5889579670902,31.6678983407944,31.7466582728432,31.8252387729171,31.9036408316418,31.9818654203398,32.0599134912517,32.1377859771059,32.2154837912446,32.2930078272947,32.3703589591303,32.4475380405439,32.5245459052961,32.6013833667701,32.6780512176408,32.754550229824,32.8308811540695,32.9070447198559,32.9830416346577,33.0588725845151,33.1345382325981,33.2100392195477,33.2853761628573,33.3605496566626,33.4355602709618,33.5104085516532,33.5850950194248,33.6596201699033,33.7339844726607,33.8081883709546,33.8822322808264,33.9561165909107,34.0298416615133,34.1034078239217,34.1768153799425,34.2500646008925,34.3231557271012,34.3960889667842,34.4688644958027,34.5414824560534,34.6139429550381,34.6862460649235,34.7583918214578,34.830380223002,34.9022112292363,34.9738847605494,35.0454006963935,35.1167588744393,35.1879590892761,35.2590010910133,35.3298845840853,35.40060922579,35.4711746249494,35.5415803403051,35.611825879135,35.681910695571,35.7518341888654,35.8215957020135,35.8911945194361,35.9606298658099,36.0299009035845,36.099006731526,36.1679463821274,36.2367188199866,36.3053229395797,36.3737575627258,36.4420214363833,36.5101132306579,36.5780315357109,36.6457748595944,36.7133416253176,36.7807301686454,36.8479387345054,36.9149654746846,36.9818084448057,37.0484656007466,37.1149347961399,37.1812137782411,37.2473001853983,37.3131915428239,37.3788852594021,37.4443786238477,37.5096688007297,37.5747528267717,37.6396276063948,37.7042899079747,37.7687363589717,37.8329634418789,37.8969674895022,37.9607446800181,38.0242910323698,38.087602400887,38.1506744703848,38.2135027508025,38.2760825713149,38.3384090751984,38.4004772133856,38.4622817388561,38.5238172001707,38.5850779351972,38.6460580641495,38.7067514831378,38.7671518568928,38.8272526113507,38.8870469263339,38.9465277274625,39.0056876782249,39.0645191717545,39.1230143214848,39.1811649532645,39.2389625947465,39.2963984666636,39.3534634719701,39.4101481858636,39.4664428447147,39.5223373338496,39.5778211767993,39.6328835214242,39.6875131276542,39.7114544471287,39.7416983529753
-5.60151843138611e-10,0.0853485636363879,0.0988467301943769,0.120923396085764,0.154091577594135,0.201633407602929,0.238586532668048,0.270168227614488,0.298330826198417,0.324116042992586,0.348234947924731,0.371317488109215,0.394183988207591,0.418915262546018,0.434455532299732,0.442922994938635,0.459863698782661,0.466148801582215,0.470443052601194,0.473549246009585,0.475915824395644,0.477788068861976,0.479310564448624,0.480574643926463,0.481641289857781,0.482553050029195,0.483340677210565,0.484027049541128,0.484629599637139,0.48516188173061,0.485634617835846,0.486056416848413,0.486434281405715,0.486773973119331,0.48708028085957,0.487357221222604,0.487608190636915,0.487836082334419,0.488043377449757,0.488232216741532,0.48840445764752,0.488561720094675,0.488705423594139,0.488836817516905,0.488957005986858,0.489066968482255,0.489167576997673,0.489259610421725,0.489343766646968,0.489420672829238,0.489490894103868,0.489554941053545,0.489613276102222,0.489666319034142,0.48971445176024,0.489758022469138,0.489797349229211,0.489832723144038,0.489864411119389,0.489892658293594,0.489917690182166,0.489939714571227,0.489958923197862,0.489975493247257,0.489989588676031,0.490001361400824,0.490010952362045,0.490018492476057,0.490024103484689,0.490027898730143,0.490029983844641,0.490030457379484,0.490029411370121,0.49002693184882,0.490023099312882,0.490017989146838,0.49001167200795,0.490004214178463,0.489995677888795,0.489986121604966,0.489975600303199,0.489964165712514,0.489951866542467,0.48993874869094,0.48992485543285,0.489910227598051,0.489894903732624,0.489878920246211,0.489862311556103,0.489845110207852,0.489827346997556,0.489809051080582,0.489790250072268,0.489770970143563,0.489751236106856,0.489731071498524,0.489710498654068,0.489689538778151,0.489668212011938,0.489646537492095,0.489624533409689,0.489602217061865,0.489579604903907,0.489556712593011,0.489533555035171,0.489510146424647,0.489486500279531,0.489462629484031,0.489438546313044,0.48941426247492,0.489389789130271,0.489365136927609,0.489340316025933,0.489315336120201,0.48929020646465,0.489264935893926,0.489239532845899,0.489214005379211,0.489188361190538,0.489162607633878,0.489136751735586,0.489110800212986,0.489084759483111,0.489058635681044,0.489032434670999,0.489006162059535,0.488979823206016,0.488953423233798,0.488926967042317,0.488900459314302,0.488873904525587,0.488847306957747,0.488820670699229,0.488793999659999,0.488767297575141,0.488740568013845,0.488713814384054,0.488687039941139,0.488660247793163,0.488633440903215,0.488606622102349,0.48857979408625,0.488552959426294,0.48852612056983,0.488499279847675,0.488472439476587,0.488445601563381,0.488418768107119,0.488391941005046,0.488365122056728,0.488338312961388,0.48831151532656,0.488284730668989,0.48825796041412,0.488231205904723,0.488204468395749,0.488177749065296,0.488151049004985,0.488124369232195,0.488097710686108,0.488071074231408,0.488044460657866,0.488017870683413,0.487991304952954,0.487964764043551,0.4879382484609,0.487911758639921,0.487885294949468,0.487858857692238,0.487832447100679,0.48780606334164,0.487779706514244,0.487753376654511,0.487727073725884,0.487700797631714,0.487674548203423,0.487648325210257,0.487622128349302,0.487595957254157,0.487569811485964,0.487543690540832,0.487517593842835,0.487491520744703,0.487465470529637,0.48743944240621,0.487413435512591,0.487387448907575,0.487361481576845,0.487335532426433,0.487309600283207,0.48728368389493,0.487257781924093,0.487231892949925,0.487206015463688,0.487180147869151,0.487154288479077,0.487128435512963,0.487102587092401,0.487076741244531,0.487050895891794,0.487025048854232,0.486999197846955,0.486973340473117,0.486947474223013,0.486921596470815,0.486895704472666,0.486869795359645,0.486843866134291,0.486817913673066,0.486791934712089,0.486765909460624,0.486739867340409,0.486713788093961,0.486687667863896,0.486661502647945,0.486635288280723,0.486609020430295,0.486582694591153,0.486556306081087,0.486529850030055,0.486503321381021,0.486476714879057,0.486450025070819,0.486423246286517,0.486396372646655,0.486369398047824,0.486342316156169,0.486315120401666,0.486287803968713,0.486260359790194,0.486232780537631,0.486205058616011,0.486177186150272,0.486149154980641,0.486120956652688,0.48609258240689,0.486064023170034,0.486035269545041,0.486006311800906,0.485977139862946,0.485947743300379,0.485918111316602,0.485888232737985,0.485858096002335,0.485827689146087,0.485796999791749,0.48576601513693,0.485734721941092,0.48570310650839,0.485671154683909,0.485638851827071,0.485606182805344,0.485573131977702,0.485539683180108,0.485505819708243,0.485471524304762,0.4854367791375,0.48540156579009,0.485365865238853,0.485329657839676,0.485292923305336,0.485255640692882,0.48521778838079,0.485179344050588,0.485140284668605,0.485100586464364,0.485060224910567,0.485019174700959,0.484977409733612,0.484934903081238,0.484891626974301,0.484847552777167,0.484802650964568,0.484756891096842,0.484710241794424,0.484662670716771,0.484614144532779,0.484564628896813,0.484514088423619,0.484462486657624,0.484409786048734,0.484355947922333,0.48430093245163,0.484244698627619,0.48418720423049,0.484128405798542,0.48406825859612,0.484006716586566,0.483943732394208,0.483879257277645,0.483813241092341,0.483745632260593,0.483676377733118,0.483605422958119,0.483532711845863,0.483458186729112,0.483381788329044,0.483303455722052,0.483223126294916,0.483140735712008,0.483056217873248,0.482969504880019,0.48288052698747,0.482789212570804,0.482695488083729,0.482599278011961,0.482500504839055,0.482399088994416,0.482294948819731,0.482188000517747,0.482078158112413,0.481965333402251,0.481849435914922,0.481730372862752,0.48160804909335,0.481482367046207,0.481353226700498,0.481220525530454,0.481084158455238,0.480944017787356,0.480799993185529,0.480651971599356,0.480499837221294,0.480343471433588,0.480182752750474,0.480017556769959,0.479847756113304,0.479673220371157,0.479493816044915,0.479309406489486,0.479119851849889,0.478925009002746,0.478724731492786,0.478518869465292,0.478307269602408,0.478089775051444,0.477866225354451,0.477636456376331,0.477400300221155,0.477157585161938,0.476908135547329,0.476651771719761,0.476388309919136,0.476117562189136,0.475839336273812,0.475553435502689,0.47525965868484,0.474957799976091,0.474647648752234,0.474508243062391,0.474328989464776
-1.97218508170247e-08,2.45756528051064,2.71495598614656,3.04804851463472,3.36323993917749,3.56970948795523,3.66186801442921,3.7440309632919,3.83618318505808,3.94603693688651,4.08097370706553,4.25259203922026,4.4845293545454,4.84964260977816,5.18265176307961,5.41907668006007,6.09534530435501,6.4644322862991,6.78107990237471,7.05739232894306,7.30446822437234,7.52953294391309,7.73734770936049,7.9311948409848,8.11343661466434,8.28583603155006,8.44974894063357,8.60624433112736,8.75618273950241,8.90026918313633,9.03909000343575,9.17313919923152,9.30283768599027,9.42854767312867,9.5505835880586,9.66922051127237,9.78470078261314,9.89723924061737,10.0070274275769,10.1142369985308,10.2190225121735,10.3215237355575,10.4218675621917,10.5201696204263,10.6165356314034,10.7110625625198,10.8038396130906,10.8949490613344,10.9844669953632,11.0724639480913,11.1590054495537,11.2441525112774,11.3279620511348,11.4104872682968,11.49177797472,11.5718808899858,11.6508399033756,11.7286963081545,11.8054890114397,11.8812547228073,11.9560281239034,12.0298420215526,12.1027274865342,12.1747139793197,12.2458294640317,12.3161005125423,12.3855523994521,12.4542091886957,12.5220938127782,12.5892281458316,12.6556330703472,12.7213285387784,12.7863336302729,12.8506666029688,12.914344942412,12.97738540634,13.03980406611,13.1016163452805,13.1628370554737,13.2234804293406,13.283560151846,13.3430893889353,13.4020808147093,13.4605466364606,13.5184986182533,13.575948102989,13.6329060330423,13.6893829696228,13.7453891110963,13.8009343098818,13.8560280886451,13.9106796553865,13.964897917687,14.0186914961913,14.0720687371629,14.1250377245428,14.1776062912308,14.2297820297034,14.2815723022217,14.3329842503064,14.3840248038738,14.4347006897483,14.4850184398819,14.5349843990625,14.5846047322444,14.6338854316025,14.6828323229756,14.7314510724657,14.7797471920878,14.827726045924,14.8753928551311,14.9227527034745,14.9698105421145,15.0165711943517,15.0630393601853,15.109219620572,15.1551164416163,15.2007341784694,15.2460770790436,15.2911492876645,15.3359548484899,15.3804977089733,15.4247817227537,15.4688106528675,15.5125881746003,15.5561178782985,15.5994032720436,15.6424477841341,15.6852547657087,15.7278274929396,15.7701691693665,15.8122829282048,15.854171834195,15.8958388858696,15.9372870173165,15.9785191001578,16.0195379452508,16.0603463044942,16.1009468725267,16.1413422881031,16.1815351360248,16.221527948253,16.2613232056074,16.3009233389769,16.340330730758,16.3795477161314,16.4185765842542,16.4574195794478,16.4960789024167,16.5345567114607,16.5728551232701,16.6109762141985,16.6489220212103,16.6866945427629,16.7242957399615,16.7617275371426,16.7989918232043,16.8360904518598,16.8730252429876,16.9097979831372,16.9464104263992,16.982864295079,17.0191612804686,17.0553030434581,17.0912912153807,17.1271273984361,17.1628131663418,17.1983500651242,17.2337396136106,17.2689833038771,17.3040826019119,17.3390389480909,17.3738537578374,17.4085284217232,17.4430643065206,17.4774627550938,17.5117250873079,17.5458526000592,17.5798465680436,17.6137082438377,17.6474388585797,17.6810396221593,17.7145117235175,17.7478563312341,17.7810745936102,17.8141676392829,17.8471365771283,17.8799824969524,17.9127064694996,17.9453095468912,17.9777927629059,18.010157133088,18.0424036550906,18.0745333088753,18.1065470570146,18.1384458448287,18.1702306006141,18.2019022357572,18.2334616451783,18.264909707134,18.2962472837148,18.3274752209163,18.3585943486486,18.3896054810427,18.4205094165219,18.4513069380125,18.4819988129571,18.5125857933792,18.5430686163219,18.5734480034832,18.6037238743503,18.6338985029805,18.6639717719587,18.693944342897,18.723816863292,18.7535899659662,18.7832642692001,18.8128403767261,18.8423188778158,18.8717003471377,18.9009853451059,18.9301744176158,18.9592680963886,18.9882668984523,19.0171713267552,19.0459818698759,19.0746990020138,19.103323183064,19.1318548585976,19.160294459842,19.1886424036867,19.2168990927315,19.2450649150944,19.2731402445729,19.3011254405603,19.3290208480082,19.3568267974059,19.3845436047861,19.412171571667,19.4397109850613,19.4671621174082,19.4945252265464,19.5218005557234,19.5489883336066,19.5760887741497,19.6031020766218,19.6300284256277,19.656867991088,19.6836209280268,19.7102873770739,19.7368674638215,19.763361299204,19.7897689794519,19.8160905861293,19.842326186008,19.8684758313206,19.8945395595142,19.9205173936123,19.9464093420308,19.9722153988319,19.9979355435434,20.0235697416222,20.049117944275,20.0745800886867,20.0999560981845,20.1252458823639,20.1504493372753,20.175566345596,20.2005967770652,20.2255404883427,20.2503973235917,20.2751671147092,20.2998496816741,20.3244448328288,20.3489523652411,20.3733720653313,20.3977037090801,20.4219470627018,20.4461018831879,20.4701679187597,20.4941449095847,20.5180325884608,20.5418306815209,20.5655389089547,20.5891569859485,20.6126846235136,20.6361215293562,20.6594674091494,20.6827219672707,20.7058849082921,20.728955937945,20.7519347646646,20.7748211007174,20.7976146638904,20.8203151791162,20.8429223798273,20.8654360099409,20.8878558259176,20.9101815983357,20.9324131142683,20.9545501793576,20.9765926204221,20.9985402874742,21.0203930567809,21.0421508335251,21.0638135544735,21.0853811915007,21.1068537543237,21.1282312943961,21.1495139082044,21.170701741225,21.191794991901,21.2127939157469,21.2336988300405,21.2545101181694,21.2752282348849,21.2958537111705,21.3163871598607,21.3368292813986,21.3571808696562,21.3774428185013,21.3976161281562,21.4177019124792,21.4377014062533,21.4576159726477,21.4774471117571,21.4971964688111,21.5168658432806,21.5364571983162,21.5559726707162,21.5754145811923,21.5947854455839,21.614087986307,21.6333251444271,21.6525000926609,21.6716162486466,21.6906772892717,21.7096871657637,21.7286501189682,21.7475706968351,21.7664537711396,21.7853045566031,21.8041286301646,21.8229319519796,21.8417208873538,21.8605022294649,21.8792832248655,21.8980715987709,21.9168755833723,21.9251721089935,21.9357039469732
-5.60151843138611e-10,0.0853485636363879,0.0988467301943769,0.120923396085764,0.154091577594135,0.201633407602929,0.238586532668048,0.270168227614488,0.298330826198417,0.324116042992586,0.348234947924731,0.371317488109215,0.394183988207591,0.418915262546018,0.434455532299732,0.442922994938635,0.459863698782661,0.466148801582215,0.470443052601194,0.473549246009585,0.475915824395644,0.477788068861976,0.479310564448624,0.480574643926463,0.481641289857781,0.482553050029195,0.483340677210565,0.484027049541128,0.484629599637139,0.48516188173061,0.485634617835846,0.486056416848413,0.486434281405715,0.486773973119331,0.48708028085957,0.487357221222604,0.487608190636915,0.487836082334419,0.488043377449757,0.488232216741532,0.48840445764752,0.488561720094675,0.488705423594139,0.488836817516905,0.488957005986858,0.489066968482255,0.489167576997673,0.489259610421725,0.489343766646968,0.489420672829238,0.489490894103868,0.489554941053545,0.489613276102222,0.489666319034142,0.48971445176024,0.489758022469138,0.489797349229211,0.489832723144038,0.489864411119389,0.489892658293594,0.489917690182166,0.489939714571227,0.489958923197862,0.489975493247257,0.489989588676031,0.490001361400824,0.490010952362045,0.490018492476057,0.490024103484689,0.490027898730143,0.490029983844641,0.490030457379484,0.490029411370121,0.49002693184882,0.490023099312882,0.490017989146838,0.49001167200795,0.490004214178463,0.489995677888795,0.489986121604966,0.489975600303199,0.489964165712514,0.489951866542467,0.48993874869094,0.48992485543285,0.489910227598051,0.489894903732624,0.489878920246211,0.489862311556103,0.489845110207852,0.489827346997556,0.489809051080582,0.489790250072268,0.489770970143563,0.489751236106856,0.489731071498524,0.489710498654068,0.489689538778151,0.489668212011938,0.489646537492095,0.489624533409689,0.489602217061865,0.489579604903907,0.489556712593011,0.489533555035171,0.489510146424647,0.489486500279531,0.489462629484031,0.489438546313044,0.48941426247492,0.489389789130271,0.489365136927609,0.489340316025933,0.489315336120201,0.48929020646465,0.489264935893926,0.489239532845899,0.489214005379211,0.489188361190538,0.489162607633878,0.489136751735586,0.489110800212986,0.489084759483111,0.489058635681044,0.489032434670999,0.489006162059535,0.488979823206016,0.488953423233798,0.488926967042317,0.488900459314302,0.488873904525587,0.488847306957747,0.488820670699229,0.488793999659999,0.488767297575141,0.488740568013845,0.488713814384054,0.488687039941139,0.488660247793163,0.488633440903215,0.488606622102349,0.48857979408625,0.488552959426294,0.48852612056983,0.488499279847675,0.488472439476587,0.488445601563381,0.488418768107119,0.488391941005046,0.488365122056728,0.488338312961388,0.48831151532656,0.488284730668989,0.48825796041412,0.488231205904723,0.488204468395749,0.488177749065296,0.488151049004985,0.488124369232195,0.488097710686108,0.488071074231408,0.488044460657866,0.488017870683413,0.487991304952954,0.487964764043551,0.4879382484609,0.487911758639921,0.487885294949468,0.487858857692238,0.487832447100679,0.48780606334164,0.487779706514244,0.487753376654511,0.487727073725884,0.487700797631714,0.487674548203423,0.487648325210257,0.487622128349302,0.487595957254157,0.487569811485964,0.487543690540832,0.487517593842835,0.487491520744703,0.487465470529637,0.48743944240621,0.487413435512591,0.487387448907575,0.487361481576845,0.487335532426433,0.487309600283207,0.48728368389493,0.487257781924093,0.487231892949925,0.487206015463688,0.487180147869151,0.487154288479077,0.487128435512963,0.487102587092401,0.487076741244531,0.487050895891794,0.487025048854232,0.486999197846955,0.486973340473117,0.486947474223013,0.486921596470815,0.486895704472666,0.486869795359645,0.486843866134291,0.486817913673066,0.486791934712089,0.486765909460624,0.486739867340409,0.486713788093961,0.486687667863896,0.486661502647945,0.486635288280723,0.486609020430295,0.486582694591153,0.486556306081087,0.486529850030055,0.486503321381021,0.486476714879057,0.486450025070819,0.486423246286517,0.486396372646655,0.486369398047824,0.486342316156169,0.486315120401666,0.486287803968713,0.486260359790194,0.486232780537631,0.486205058616011,0.486177186150272,0.486149154980641,0.486120956652688,0.48609258240689,0.486064023170034,0.486035269545041,0.486006311800906,0.485977139862946,0.485947743300379,0.485918111316602,0.485888232737985,0.485858096002335,0.485827689146087,0.485796999791749,0.48576601513693,0.485734721941092,0.48570310650839,0.485671154683909,0.485638851827071,0.485606182805344,0.485573131977702,0.485539683180108,0.485505819708243,0.485471524304762,0.4854367791375,0.48540156579009,0.485365865238853,0.485329657839676,0.485292923305336,0.485255640692882,0.48521778838079,0.485179344050588,0.485140284668605,0.485100586464364,0.485060224910567,0.485019174700959,0.484977409733612,0.484934903081238,0.484891626974301,0.484847552777167,0.484802650964568,0.484756891096842,0.484710241794424,0.484662670716771,0.484614144532779,0.484564628896813,0.484514088423619,0.484462486657624,0.484409786048734,0.484355947922333,0.48430093245163,0.484244698627619,0.48418720423049,0.484128405798542,0.48406825859612,0.484006716586566,0.483943732394208,0.483879257277645,0.483813241092341,0.483745632260593,0.483676377733118,0.483605422958119,0.483532711845863,0.483458186729112,0.483381788329044,0.483303455722052,0.483223126294916,0.483140735712008,0.483056217873248,0.482969504880019,0.48288052698747,0.482789212570804,0.482695488083729,0.482599278011961,0.482500504839055,0.482399088994416,0.482294948819731,0.482188000517747,0.482078158112413,0.481965333402251,0.481849435914922,0.481730372862752,0.48160804909335,0.481482367046207,0.481353226700498,0.481220525530454,0.481084158455238,0.480944017787356,0.480799993185529,0.480651971599356,0.480499837221294,0.480343471433588,0.480182752750474,0.480017556769959,0.479847756113304,0.479673220371157,0.479493816044915,0.479309406489486,0.479119851849889,0.478925009002746,0.478724731492786,0.478518869465292,0.478307269602408,0.478089775051444,0.477866225354451,0.477636456376331,0.477400300221155,0.477157585161938,0.476908135547329,0.476651771719761,0.476388309919136,0.476117562189136,0.475839336273812,0.475553435502689,0.47525965868484,0.474957799976091,0.474647648752234,0.474508243062391,0.474328989464776
1.26585212092691,1.25523674537587,1.25327394449324,1.24975232206709,1.24348793048306,1.23185626527159,1.22037458535698,1.20877296680549,1.19695783508483,1.18483693379961,1.17226961465561,1.15900220016016,1.14448277483589,1.12689383208166,1.1145456010943,1.10726359812357,1.09103453555372,1.08419727086736,1.07913930762834,1.07521936927605,1.07204276140968,1.0693831747236,1.0671025568634,1.06511117173688,1.06334756070281,1.06176783155298,1.06033955938227,1.05903811772551,1.05784436697546,1.05674313993666,1.05572221612844,1.05477160705647,1.0538830457756,1.05304961442175,1.05226546725855,1.05152562125771,1.0508257953704,1.05016228550784,1.04953186611163,1.04893171181046,1.04835933443532,1.04781253191994,1.0472893464951,1.04678803022272,1.04630701637508,1.04584489551214,1.04540039536332,1.04497236380713,1.04455975440136,1.04416161401162,1.04377707219193,1.04340533202173,1.04304566217252,1.04269739000723,1.04235989555933,1.04203260625748,1.04171499229087,1.04140656252254,1.04110686087715,1.04081546313465,1.04053197408228,1.04025602497457,1.03998727126059,1.0397253905509,1.03947008079074,1.03922105861535,1.03897805786729,1.03874082825628,1.03850913414664,1.03828275345525,1.03806147665305,1.03784510585315,1.03763345398095,1.03742634401648,1.03722360829904,1.03702508789392,1.03683063200766,1.03664009745327,1.03645334815649,1.03627025470327,1.03609069391986,1.03591454848706,1.03574170658155,1.03557206154603,1.03540551158176,1.03524195946477,1.03508131228107,1.03492348118121,1.03476838115153,1.03461593080145,1.03446605216481,1.03431867051456,1.03417371418987,1.03403111443364,1.0338908052424,1.03375272322324,1.03361680746176,1.03348299939696,1.03335124270467,1.03322148318725,1.03309366867045,1.03296774890641,1.03284367548183,1.03272140173181,1.03260088265913,1.03248207485662,1.03236493643627,1.032249426959,1.03213550737187,1.0320231399459,1.03191228821925,1.03180291694088,1.03169499202094,1.03158848047993,1.03148335040305,1.03137957089593,1.03127711204175,1.031175944863,1.03107604128266,1.03097737408826,1.03087991689804,1.03078364412833,1.03068853096183,1.03059455331966,1.03050168783154,1.03040991181055,1.03031920322585,1.03022954068031,1.0301409033856,1.03005327114069,1.02996662431096,1.0298809438071,1.02979621106662,1.02971240803466,1.02962951714686,1.02954752131202,1.02946640389595,1.02938614870637,1.02930673997735,1.02922816235575,1.02915040088722,1.02907344100346,1.02899726850902,1.02892186957041,1.02884723070361,1.02877333876308,1.02870018093217,1.0286277447117,1.0285560179111,1.02848498863815,1.0284146452916,1.02834497655023,1.02827597136651,1.02820761895818,1.02813990879955,1.02807283061575,1.02800637437455,1.02794053027965,1.02787528876492,1.02781064048734,1.02774657632151,1.0276830873535,1.02762016487543,1.02755780038035,1.02749598555715,1.02743471228482,1.02737397262889,1.02731375883666,1.02725406333202,1.02719487871202,1.02713619774325,1.02707801335716,1.0270203186468,1.02696310686318,1.02690637141274,1.02685010585279,1.02679430388961,1.02673895937508,1.0266840663039,1.02662961881136,1.0265756111699,1.02652203778841,1.02646889320807,1.02641617210188,1.02636386927182,1.0263119796472,1.02626049828296,1.02620942035813,1.02615874117391,1.02610845615306,1.02605856083812,1.02600905089077,1.0259599220896,1.02591117033064,1.02586279162615,1.02581478210341,1.0257671380046,1.0257198556862,1.02567293161927,1.02562636238788,1.02558014469083,1.02553427533999,1.02548875126107,1.02544356949476,1.0253987271957,1.02535422163358,1.02531005019443,1.02526621038006,1.02522269980996,1.0251795162223,1.02513665798113,1.02509412204434,1.02505190702607,1.02501001115121,1.02496843276998,1.02492717035969,1.02488622252765,1.02484558801282,1.02480526568753,1.02476525456126,1.02472555378271,1.02468616264219,1.02464708057526,1.02460830716594,1.02456984214952,1.02453168541711,1.02449383701836,1.02445629716597,1.02441906624026,1.02438214479267,1.02434553355174,1.02430923342608,1.02427324551166,1.02423757109564,1.02420221166236,1.02416716889952,1.02413244470406,1.02409804118872,1.02406396068877,1.02403020576869,1.02399677923013,1.02396368411903,1.02393092373366,1.02389850163345,1.02386642164674,1.02383468788081,1.02380330473056,1.02377227688868,1.02374160935561,1.02371130745064,1.0236813768222,1.02365182346001,1.02362265370674,1.02359387427086,1.02356549223865,1.02353751508842,1.02350995070459,1.02348280739147,1.02345609388906,1.02342981938836,1.0234039935472,1.02337862650846,1.02335372891608,1.02332931193451,1.02330538726665,1.02328196717404,1.0232590644972,1.02323669267665,1.023214865775,1.02319359849916,1.02317290622471,1.02315280502013,1.0231333116721,1.02311444371187,1.02309621944266,1.02307865796828,1.02306177922169,1.02304560399692,1.02303015397921,1.02301545177912,1.02300152096518,1.0229883861005,1.02297607277883,1.0229646076617,1.02295401851892,1.02294433426882,1.02293558502031,1.02292780211717,1.02292101818284,1.02291526716826,1.0229105843998,1.0229070066311,1.02290457209405,1.0229033205543,1.0229032933678,1.02290453353827,1.02290708577858,1.02291099657395,1.02291631424662,1.02292308902366,1.02293137310738,1.02294122074828,1.02295268831957,1.0229658343973,1.02298071984036,1.02299740787507,1.02301596418342,1.02303645699345,1.02305895717365,1.02308353833159,1.0231102769152,1.02313925231911,1.02317054699329,1.02320424655953,1.02324043992787,1.0232792194217,1.02332068090551,1.02336492391813,1.02341205181294,1.02346217190134,1.02351539560435,1.02357183860885,1.02363162103199,1.02369486759166,1.02376170778356,1.02383227606828,1.02390671206406,1.02398516074952,1.02406777267581,1.02415470418728,1.02424611765307,1.02434218171059,1.02444307151789,1.0245489690212,1.0246600632339,1.02477655052962,1.0248986349508,1.0250265285333,1.02516045164567,1.02530063335233,1.02544731178819,1.02560073456214,1.02576115917788,1.02592885348215,1.02610409613861,1.0262871771266,1.02647839827895,1.02667807384285,1.02688653108609,1.02698129963117,1.02710411093532
-9.86357788731202e-10,0.134703861794598,0.151980970568188,0.177425968223856,0.209777358190645,0.249394118970389,0.280521261182652,0.310457422906402,0.341536954685152,0.375215604787945,0.412982984912606,0.456935807883447,0.510961477980867,0.586416874992054,0.646950437217905,0.6858413578742,0.781492701850656,0.825616730998468,0.85978386959029,0.887211866191046,0.910098621533575,0.929762217409,0.947030649538521,0.962454029377595,0.976415645536481,0.98919304434128,1.00099358431851,1.01197621564426,1.02226541595879,1.03196044456985,1.04114168490117,1.04987511125909,1.05821550837154,1.06620884117617,1.07389403001111,1.08130430175241,1.08846823380667,1.09541056972305,1.10215286518633,1.10871400413791,1.11511061506356,1.12135741051134,1.12746746507658,1.13345244567234,1.13932280281763,1.14508793104271,1.15075630409941,1.15633558947933,1.16183274571137,1.16725410581931,1.17260544897339,1.17789206233868,1.18311879476838,1.18829010330433,1.1934100938337,1.19848255692823,1.20351099895575,1.20849866991845,1.21344858750802,1.21836355913055,1.22324620084087,1.2280989546681,1.23292410379391,1.23772378631747,1.24250000746228,1.24725465071452,1.25198948786523,1.25670618768844,1.26140632448493,1.26609138516615,1.2707627758824,1.27542182853209,1.28006980576197,1.28470790648192,1.28933727009381,1.29395898109361,1.29857407248962,1.30318352994948,1.30778829450909,1.31238926591669,1.31698730512669,1.32158323721396,1.32617785345992,1.33077191359965,1.33536614789402,1.33996125873124,1.34455792294064,1.3491567927391,1.35375849780023,1.35836364622347,1.36297282596009,1.36758660607578,1.37220553806637,1.37683015652077,1.38146098040867,1.38609851381981,1.39074324675346,1.39539565648396,1.40005620782976,1.40472535354784,1.40940353591185,1.41409118668364,1.41878872787823,1.42349657235966,1.42821512434642,1.43294477982406,1.43768592723757,1.4424389478231,1.44720421597132,1.45198209949108,1.45677296055397,1.46157715522041,1.46639503468644,1.47122694492341,1.47607322707727,1.48093421830382,1.4858102512903,1.49070165497058,1.49560875476359,1.5005318728987,1.50547132818066,1.51042743648073,1.51540051141949,1.5203908639638,1.52539880258318,1.53042463380086,1.5354686624438,1.54053119115084,1.54561252141668,1.55071295302587,1.55583278487588,1.5609723142968,1.56613183788142,1.57131165157906,1.5765120502403,1.58173332841955,1.58697578022686,1.59223969946715,1.59752537964932,1.60283311419032,1.60816319668267,1.61351592071994,1.61889158015267,1.62429046925994,1.62971288268781,1.6351591156715,1.64062946422687,1.64612422479399,1.65164369487628,1.65718817263041,1.6627579578294,1.66835335065824,1.67397465272033,1.67962216708113,1.68529619784375,1.6909970507609,1.69672503318979,1.70248045381665,1.70826362300488,1.71407485307651,1.71991445816827,1.72578275411313,1.73168005889257,1.73760669242794,1.7435629770068,1.74954923681872,1.75556579879192,1.76161299150059,1.76769114661565,1.77380059792076,1.77994168216322,1.78611473823834,1.79232010826962,1.79855813691071,1.8048291716436,1.81113356321892,1.81747166501627,1.82384383366752,1.83025042920954,1.83669181476873,1.8431683566046,1.8496804245082,1.85622839227642,1.8628126362947,1.86943353736149,1.87609147972345,1.8827868514171,1.88952004436199,1.89629145430419,1.90310148148959,1.90995052985031,1.91683900768912,1.92376732754593,1.93073590630316,1.93774516566269,1.9447955311248,1.95188743357243,1.95902130828649,1.96619759549019,1.97341674011469,1.98067919222406,1.98798540704604,1.99533584502061,2.00273097168022,2.0101712580218,2.01765718058725,2.02518922146382,2.03276786875918,2.04039361561309,2.04806696193979,2.05578831945767,2.06355838731989,2.07137758969609,2.07924645053456,2.08716550075135,2.09513527729604,2.10315632429533,2.11122919269648,2.11935443987355,2.12753263090147,2.13576433766544,2.144050139461,2.15239062312998,2.16078638289094,2.1692380211551,2.17774614751365,2.18631138014513,2.19493434521371,2.20361567722702,2.21235601895994,2.22115602206033,2.23001634683309,2.2389376624286,2.24792064715646,2.25696598898727,2.26607438451417,2.27524654063547,2.28448317366777,2.29378500987045,2.30315278634976,2.3125872492854,2.3220891568544,2.33165927651195,2.34129838775665,2.35100728081919,2.36078675711223,2.37063762998498,2.38056072387647,2.39055687644737,2.40062693645097,2.41077176567432,2.42099223854892,2.43128924190924,2.44166367713844,2.45211645734174,2.46264851091324,2.4732607793535,2.4839542184689,2.49472979902617,2.5055885067802,2.51653134144372,2.52755931959009,2.53867347271711,2.54987484901943,2.56116451248289,2.57254354384023,2.58401304148965,2.59557412058159,2.60722791461172,2.61897557478981,2.63081827111215,2.64275719253091,2.65479354727424,2.66692856294354,2.67916348822227,2.69149959076122,2.70393816097309,2.71648051012051,2.72912797107094,2.74188189947594,2.75474367336056,2.76771469562623,2.78079639114981,2.79399021083651,2.80729763035431,2.82072015008893,2.83425929837006,2.84791662856986,2.86169372193428,2.87559218880099,2.88961366713417,2.90375982464769,2.91803236007493,2.9324330015188,2.94696350946192,2.96162567670922,2.97642132985181,2.99135232802994,3.00642056657266,3.02162797592608,3.03697652375206,3.05246821448726,3.06810509189994,3.08388923901081,3.09982278000035,3.11590787982412,3.13214674691109,3.14854163467522,3.16509484010682,3.18180870765058,3.19868562894284,3.21572804753486,3.2329384540873,3.25031939256178,3.26787346158482,3.285603314847,3.3035116627217,3.32160127393139,3.33987497884068,3.35833566984768,3.37698630426792,3.39582990562601,3.41486956619243,3.43410845068264,3.4535497955446,3.47319691612505,3.49305320396496,3.51312213461646,3.53340726696227,3.55391224767622,3.57464081615357,3.59559680454338,3.61678414574342,3.63820687282874,3.6598691265191,3.68177515852267,3.7039293355119,3.72633614495005,3.74900020029864,3.77192624578102,3.79511916377179,3.81858398077726,3.84232587274211,3.86635017280066,3.89066238166766,3.9152681717109,3.94017340036506,3.96538411520513,3.99090656643779,4.00225800692437,4.01674721928605
1.26585212085113,1.26710375642764,1.26711535340004,1.26693033400329,1.26604518211394,1.26335605277205,1.26039489299132,1.25774868633394,1.25585286897589,1.2551821420277,1.25639654180684,1.26059918603089,1.27006562013596,1.29185956261413,1.31761651158535,1.33878462782482,1.41071407424673,1.45635310562656,1.49881150875229,1.53825039524021,1.57534617923344,1.61060774804367,1.64439019216617,1.67694628915859,1.70846195589707,1.73907826538989,1.76890521365857,1.79803057800381,1.82652580154837,1.85445002226518,1.88185290839912,1.90877670339045,1.93525773284192,1.96132753709268,1.98701373675056,2.01234070477918,2.03733009548023,2.06200126607125,2.08637161657208,2.11045686658768,2.13427128289004,2.15782786817605,2.1811385187894,2.2042141575416,2.22706484632019,2.24969988213069,2.27212787948248,2.29435684151862,2.31639422158067,2.33824697698686,2.3599216159543,2.3814242388973,2.40276057484439,2.423936013682,2.44495563478508,2.4658242325548,2.48654633927193,2.50712624556343,2.52756801878935,2.54787551970437,2.56805241742383,2.5881022030305,2.60802820197608,2.62783358528862,2.64752137984874,2.66709447777765,2.68655564503303,2.70590752926641,2.72515266708264,2.74429349072093,2.76333233419376,2.78227143897204,2.80111295924463,2.8198589667943,2.838511455501,2.8570723455475,2.87554348731534,2.89392666503227,2.91222360016167,2.93043595455106,2.94856533340316,2.96661328802751,2.98458131847,3.00247087589371,3.02028336490081,3.03802014564783,3.05568253586568,3.07327181277455,3.0907892148376,3.10823594347396,3.12561316463175,3.14292201028748,3.16016357987417,3.17733894162131,3.19444913380617,3.21149516597756,3.22847802008933,3.24539865157433,3.26225799037183,3.27905694190994,3.29579638802645,3.3124771878478,3.32910017862087,3.34566617653929,3.36217597745567,3.37863035764927,3.39503007449089,3.41137586711015,3.42766845703286,3.44390854876456,3.46009683037684,3.47623397406167,3.49232063664129,3.50835746007752,3.52434507195742,3.54028408595168,3.55617510225408,3.57201870800435,3.58781547770577,3.60356597360005,3.61927074604458,3.63493033387831,3.65054526477465,3.66611605554444,3.68164321248331,3.69712723165794,3.71256859923701,3.72796779172135,3.74332527626227,3.75864151090466,3.77391694484532,3.78915201866744,3.80434716460292,3.81950280673946,3.83461936123446,3.84969723654095,3.86473683361193,3.87973854607707,3.89470276046975,3.90962985637923,3.92452020663432,3.93937417749092,3.95419212878543,3.96897441409992,3.98372138090565,3.99843337074369,4.0131107193266,4.02775375672648,4.0423628074726,4.05693819071244,4.07148022032124,4.08598920503801,4.10046544856678,4.11490924972558,4.12932090253544,4.14370069633057,4.15804891587299,4.17236584146249,4.18665174901894,4.20090691019193,4.21513159244841,4.22932605917876,4.24349056976726,4.25762537969631,4.27173074060997,4.28580690041599,4.29985410336182,4.31387259010063,4.32786259776603,4.34182436007648,4.35575810735907,4.36966406666411,4.38354246178637,4.39739351338739,4.41121743900034,4.42501445314452,4.43878476733052,4.45252859018585,4.46624612744484,4.47993758206383,4.49360315422732,4.50724304143936,4.52085743855206,4.53444653782178,4.5480105289614,4.56154959918683,4.57506393326792,4.5885537135658,4.60201912008136,4.61546033051046,4.62887752025809,4.64227086251407,4.65564052826739,4.66898668636511,4.68230950353498,4.69560914442731,4.70888577165283,4.72213954584252,4.73537062562761,4.74857916773146,4.76176532697597,4.77492925630545,4.78807110683935,4.80119102789357,4.81428916701883,4.8273656700069,4.84042068095188,4.85345434227296,4.8664667947067,4.87945817739094,4.89242864944552,4.9053783034368,4.91830729553456,4.93121575863478,4.94410382411121,4.95697162187843,4.96981928038101,4.9826469266507,4.99545468629718,5.0082426835659,5.02101104133415,5.03375988113839,5.04648932317843,5.0591994863921,5.0718904884147,5.08456244561952,5.09721547315762,5.10984968493697,5.12246519368655,5.13506211093513,5.14764054704948,5.16020061124636,5.17274241160711,5.18526605510727,5.19777164761043,5.21025929391497,5.22272909772979,5.23518116173062,5.24761558754511,5.26003247577981,5.27243192604551,5.28481403695158,5.29717890612498,5.30952663022996,5.32185730498357,5.33417102516251,5.34646788461716,5.35874797628042,5.37101139220257,5.38325822350517,5.3954885604833,5.40770249253817,5.41990010823376,5.43208149527893,5.44424674055703,5.4563959301243,5.46852914925128,5.48064648238194,5.4927480131921,5.50483382456597,5.51690399863204,5.52895861674515,5.5409977595185,5.55302150682809,5.56502993780514,5.57702313087402,5.58900116372615,5.60096411337617,5.61291205609568,5.62484506750719,5.63676322253603,5.64866659542078,5.66055525974375,5.67242928841379,5.6842887537059,5.69613372722116,5.70796427993942,5.71978048219012,5.73158240367426,5.74337011347312,5.75514368003121,5.76690317119812,5.77864865418956,5.79038019563154,5.80209786153403,5.81380171731099,5.82549182778198,5.83716825715368,5.84883106906738,5.86048032654236,5.87211609203082,5.88373842736342,5.89534739382309,5.90694305206691,5.91852546217764,5.93009468362836,5.94165077531996,5.95319379552462,5.96472380193001,5.97624085160063,5.98774500100775,5.99923630596772,6.01071482170367,6.02218060278302,6.03363370310914,6.04507417595476,6.0565020738827,6.06791744881683,6.07932035192248,6.09071083368777,6.10208894383839,6.11345473134375,6.12480824438282,6.136149530327,6.14747863570365,6.15879560616905,6.17010048649007,6.1813933204686,6.19267415093596,6.20394301970312,6.21519996750047,6.22644503393817,6.2376782574552,6.24889967523155,6.26010932316639,6.27130723575304,6.28249344607097,6.29366798563054,6.30483088433266,6.31598217034618,6.32712187003159,6.33825000778928,6.34936660596853,6.3604716847078,6.37156526182434,6.38264735262694,6.3937179697836,6.40477712309974,6.41582481936349,6.42686106209902,6.43788585138246,6.44889918354224,6.459901050952,6.47089144169911,6.48187033927357,6.49283772229988,6.50379356407189,6.51473783225335,6.52567048839535,6.53048607033599,6.5365914875121
0,12.7040114304781,11.8049451761543,10.4780463961234,8.84360651155134,7.22889543612409,6.44238983317505,6.00369852865215,5.7554943417258,5.63280331248071,5.60776164270417,5.6738265538258,5.84712336570719,6.20748069596124,6.57823973955188,6.85368075007775,7.66898307493521,8.12280898375333,8.51467135532703,8.85783771182702,9.16535188628337,9.44585384494974,9.70509142256622,9.94705298777268,10.1746230837428,10.3899628864018,10.5947397655036,10.7902718171543,10.9776225003646,11.1576647595559,11.3311258034127,11.4986192036829,11.6606684138791,11.8177243864814,11.9701789637212,12.1183752544185,12.2626157624883,12.40316884995,12.5402739175691,12.6741456342588,12.8049773821665,12.9329441116434,13.0582047278674,13.1809040659891,13.3011746117974,13.4191379076958,13.5349057857639,13.6485814265011,13.7602602731233,13.870030812841,13.9779752659663,14.084170205971,14.1886870728167,14.2915926404034,14.3929494490306,14.4928161582817,14.5912478751215,14.6882964518915,14.7840107579601,14.878436885983,14.9716184069284,15.0635965187564,15.1544102507721,15.2440966084848,15.3326907217971,15.4202259644399,15.5067340902139,15.5922453319064,15.6767884847372,15.7603910415321,15.8430792308356,15.9248781138967,16.0058116527948,16.0859028014888,16.1651735097066,16.2436448322253,16.3213369547896,16.3982692543604,16.4744603372621,16.5499280750598,16.6246896610999,16.6987616326422,16.7721599052483,16.8448998081485,16.9169961247905,16.9884630938368,17.059314459359,17.1295634791775,17.1992229707304,17.2683052945493,17.3368224165886,17.4047858939973,17.472206910327,17.5390962965843,17.6054645276236,17.6713217430139,17.736677797516,17.80154220144,17.8659242120961,17.9298327865214,17.9932766306778,18.0562641887393,18.1188036460933,18.1809029767162,18.2425699185452,18.3038119946746,18.3646365117578,18.4250505853329,18.4850611314824,18.5446748806951,18.6038983880718,18.6627380280139,18.7212000199022,18.779290418245,18.8370151184214,18.8943798643575,18.9513902611985,19.0080517857197,19.0643697575862,19.1203493782818,19.1759957218694,19.2313137506183,19.2863082876279,19.3409840650709,19.3953456948826,19.4493976753561,19.5031444136884,19.5565902150563,19.6097392795343,19.6625957253307,19.7151635677121,19.7674467457184,19.8194491064809,19.8711744051554,19.9226263363789,19.973808504508,20.0247244294515,20.0753775775114,20.1257713315099,20.1759090046537,20.2257938408664,20.2754290270693,20.3248176763356,20.3739628506331,20.4228675444167,20.4715346948051,20.5199671661943,20.5681677970017,20.6161393471989,20.6638845469348,20.7114060501434,20.7587064720253,20.8057883751248,20.8526542950484,20.899306683211,20.9457479768553,20.991980556959,21.0380067701239,21.0838289031182,21.1294492273798,21.1748699455046,21.2200932352138,21.2651212473894,21.3099560859544,21.3545998169907,21.3990544609362,21.4433220374638,21.4874044817195,21.5313037483305,21.5750217218805,21.618560289641,21.6619212634976,21.7051064564895,21.7481176612913,21.7909566000654,21.8336250232687,21.8761245904545,21.9184569994709,21.9606238726731,22.0026268298356,22.0444674397197,22.0861473053469,22.1276679376875,22.1690308547364,22.2102375692794,22.2512895340539,22.2921882041394,22.3329350165521,22.3735313432212,22.4139786100659,22.4542781736391,22.4944313421958,22.5344394816468,22.5743038809811,22.6140258189967,22.6536065867845,22.6930474193834,22.7323495468076,22.7715141914341,22.8105425463491,22.8494358036401,22.8881951206712,22.9268216424215,22.9653165020225,23.0036808254034,23.0419156985074,23.0800222221757,23.1180014792859,23.155854505677,23.1935823511818,23.2311859524805,23.2686665169733,23.306024959287,23.3432622435892,23.3803793746105,23.4173773210411,23.4542570073451,23.4910193799272,23.5276653668253,23.5641958935755,23.6006118651606,23.6369141509337,23.6731036501094,23.7091812265449,23.7451477381511,23.7810040383073,23.8167509526965,23.8523893280071,23.8879199485286,23.9233436539128,23.9586612230891,23.9938734426025,24.0289810874443,24.0639849362163,24.0988857509592,24.1336842524528,24.1683812063332,24.2029773321979,24.23747336244,24.2718699906,24.3061679405325,24.3403678987902,24.3744705503919,24.4084765962037,24.442386679324,24.4762014717135,24.5099216323174,24.5435478153007,24.5770806439476,24.6105207712277,24.6438688130038,24.6771253853018,24.710291096406,24.7433665601834,24.7763523328614,24.809249076956,24.8420572953244,24.8747776232739,24.9074106003139,24.9399567804916,24.9724167230222,25.0047909966149,25.037080108162,25.0692846241366,25.1014050546625,25.1334419089883,25.1653957531125,25.1972670329671,25.2290562906108,25.2607640091529,25.2923906707646,25.323936770713,25.355402781655,25.3867891994931,25.4180964612597,25.449325037825,25.4804753697059,25.51154791467,25.5425431118448,25.5734614095125,25.6043032353938,25.6350690044748,25.6657591314037,25.6963740374556,25.72691412946,25.7573798028012,25.7877714676896,25.8180895003456,25.8483342815032,25.8785062073857,25.9086056196936,25.9386329149836,25.9685884475253,25.9984725677325,26.0282856165296,26.0580279500959,26.087699894303,26.117301794509,26.1468339750631,26.1762967468511,26.2056904450621,26.2350153531227,26.2642717870686,26.2934600311082,26.3225804134882,26.3516331550013,26.3806185850541,26.4095369838159,26.4383885816371,26.4671736550711,26.4958924849325,26.524545260161,26.5531322932043,26.5816537886759,26.6101099780889,26.6385010872283,26.6668273178136,26.6950889236811,26.7232860833112,26.7514190026671,26.7794878829251,26.8074929137132,26.8354342721627,26.863312141081,26.8911266775052,26.9188780485066,26.9465664473722,26.9741919811057,27.0017548452652,27.0292551384439,27.0566930181405,27.084068654989,27.1113820938675,27.1386335307819,27.16582305536,27.1929507422787,27.2200167815355,27.247021208742,27.2739641640839,27.3008457232189,27.3276659829244,27.3544250343132,27.3811229824767,27.407759920289,27.4343359188109,27.4608510368234,27.487305422282,27.5136991239411,27.5400322482194,27.5516211135157,27.5663048691898
